5
6
7
11
14
22
23
25
26
27
29
33
34
42
46
49
50
53
57
58
63
64
65
66
68
69
72
76
77
78
79
80
81
83
84
85
88
90
93
94
96
100
102
103
106
110
111
112
113
114
115
119
120
121
124
125
126
127
131
133
134
136
140
142
144
150
152
154
160
165
166
169
171
172
180
182
185
186
187
190
192
193
194
196
197
199
200
201
211
212
217
219
220
223
225
229
231
234
237
238
240
241
242
243
245
246
247
250
251
257
258
260
261
263
267
268
270
271
272
277
279
280
282
284
285
287
292
294
295
302
304
305
311
312
313
321
323
327
331
335
336
337
338
341
344
347
348
349
356
358
359
360
362
363
364
369
374
376
380
383
385
386
389
390
392
393
395
397
398
406
409
412
416
418
422
423
424
425
428
429
430
431
433
434
438
442
443
444
445
446
447
448
454
456
458
459
460
463
467
471
475
476
477
480
481
483
489
490
494
496
497
499
505
508
512
513
514
517
523
525
526
527
529
530
532
534
536
542
547
550
552
554
557
558
569
570
571
573
579
581
583
587
590
591
592
593
597
599
600
602
603
607
610
611
613
618
622
624
625
627
628
634
641
645
647
650
653
654
657
658
660
664
665
666
667
670
672
673
682
684
685
690
692
693
694
696
697
699
700
701
707
708
709
710
711
712
715
718
720
722
725
729
732
733
739
742
744
746
748
754
757
758
759
761
765
769
770
771
774
775
776
780
782
783
785
787
789
792
793
794
795
797
799
807
808
809
816
818
819
820
824
825
826
827
829
830
831
832
833
834
837
840
844
848
851
853
857
864
872
873
880
883
885
887
889
891
894
895
898
899
900
908
911
912
916
919
920
921
923
925
926
931
933
934
939
940
945
949
951
952
953
956
964
966
968
969
973
976
983
985
987
988
992
995
997
999
1000
1003
1004
1007
1012
1013
1014
1017
1019
1020
1021
1022
1023
1026
1027
1030
1034
1036
1039
1041
1047
1049
1050
1053
1054
1055
1060
1065
1066
1071
1076
1077
1079
1080
1083
1088
1090
1091
1093
1094
1100
1102
1106
1107
1108
1109
1110
1114
1115
1117
1121
1124
1128
1130
1131
1133
1134
1139
1143
1146
1148
1154
1156
1158
1160
1161
1163
1165
1166
1168
1169
1175
1177
1181
1182
1183
1190
1193
1194
1196
1199
1204
1205
1209
1211
1212
1213
1215
1217
1218
1219
1220
1222
1224
1228
1229
1231
1232
1233
1234
1242
1243
1245
1246
1248
1249
1252
1255
1259
1260
1262
1263
1264
1265
1266
1267
1270
1271
1275
1277
1278
1279
1283
1286
1287
1288
1289
1294
1295
1297
1299
1300
1301
1302
1307
1313
1316
1317
1318
1320
1322
1332
1333
1334
1335
1336
1337
1341
1343
1345
1347
1350
1352
1356
1358
1360
1363
1365
1367
1370
1372
1373
1377
1382
1383
1384
1386
1388
1392
1395
1396
1399
1401
1403
1409
1412
1414
1417
1419
1421
1423
1426
1429
1432
1433
1434
1436
1443
1444
1445
1452
1456
1458
1460
1464
1465
1467
1473
1476
1478
1479
1480
1484
1489
1494
1501
1504
1506
1507
1509
1512
1513
1514
1515
1521
1522
1523
1524
1527
1528
1529
1530
1534
1535
1536
1537
1538
1539
1541
1543
1544
1545
1546
1549
1550
1552
1555
1556
1560
1561
1563
1564
1565
1569
1572
1575
1581
1584
1585
1586
1588
1592
1594
1599
1600
1602
1603
1605
1607
1609
1610
1611
1621
1623
1627
1628
1629
1630
1640
1642
1650
1651
1653
1654
1655
1663
1665
1669
1671
1672
1675
1678
1680
1681
1682
1687
1690
1691
1693
1695
1700
1706
1707
1710
1711
1713
1714
1716
1718
1719
1721
1724
1726
1727
1728
1730
1732
1735
1740
1744
1747
1748
1751
1752
1753
1754
1761
1763
1765
1766
1770
1775
1779
1782
1786
1787
1792
1793
1794
1795
1799
1800
1802
1804
1805
1807
1808
1812
1821
1822
1823
1824
1827
1829
1830
1833
1834
1835
1836
1838
1840
1841
1846
1851
1854
1855
1856
1858
1859
1864
1866
1867
1870
1872
1873
1877
1880
1881
1882
1883
1887
1890
1894
1895
1900
1903
1904
1907
1908
1914
1915
1917
1918
1921
1922
1923
1926
1928
1930
1932
1936
1937
1938
1942
1947
1950
1952
1955
1958
1959
1961
1964
1966
1970
1973
1975
1976
1977
1978
1980
1981
1984
1987
1992
1998
2001
2002
2003
2004
2005
2006
2008
2009
2013
2016
2017
2019
2027
2029
2030
2034
2036
2037
2040
2046
2050
2056
2061
2066
2070
2072
2073
2075
2076
2080
2081
2089
2092
2093
2095
2096
2097
2100
2105
2107
2108
2109
2110
2111
2112
2118
2121
2122
2123
2125
2128
2133
2136
2142
2145
2146
2148
2152
2153
2159
2161
2166
2167
2169
2170
2171
2173
2179
2181
2187
2189
2195
2197
2199
2201
2205
2207
2210
2211
2212
2215
2220
2223
2224
2226
2227
2228
2230
2231
2234
2235
2239
2240
2241
2243
2247
2248
2255
2256
2257
2258
2266
2268
2269
2273
2274
2278
2281
2283
2284
2286
2287
2292
2294
2298
2302
2307
2309
2310
2311
2315
2319
2322
2323
2326
2327
2328
2329
2330
2331
2333
2335
2337
2341
2344
2345
2351
2355
2356
2359
2362
2366
2369
2373
2376
2380
2381
2384
2385
2387
2388
2389
2392
2393
2395
2401
2403
2407
2412
2414
2418
2420
2422
2423
2424
2425
2428
2429
2430
2435
2437
2440
2441
2443
2444
2446
2447
2448
2458
2459
2461
2464
2465
2467
2469
2471
2475
2476
2477
2478
2479
2483
2486
2487
2492
2494
2496
2497
2498
2499
2500
2502
2503
2504
2505
2515
2517
2521
2522
2523
2525
2526
2527
2532
2534
2535
2536
2538
2539
2540
2541
2542
2544
2549
2550
2551
2556
2559
2561
2566
2568
2570
2572
2573
2575
2576
2583
2585
2586
2587
2589
2590
2591
2592
2595
2596
2597
2598
2603
2606
2608
2614
2615
2616
2620
2622
2623
2627
2628
2629
2630
2631
2632
2634
2638
2639
2640
2643
2646
2647
2649
2651
2652
2654
2655
2656
2659
2662
2666
2669
2672
2673
2680
2684
2687
2689
2693
2698
2701
2702
2703
2706
2709
2712
2713
2720
2725
2729
2731
2733
2734
2736
2737
2738
2739
2740
2745
2746
2750
2751
2756
2758
2760
2762
2766
2767
2768
2774
2777
2779
2780
2785
2786
2788
2789
2790
2793
2796
2798
2801
2803
2806
2810
2817
2818
2819
2820
2821
2822
2825
2828
2829
2830
2831
2833
2835
2836
2839
2840
2843
2845
2846
2854
2855
2856
2861
2865
2867
2869
2870
2872
2873
2877
2880
2881
2883
2886
2888
2889
2890
2891
2893
2895
2900
2907
2908
2914
2919
2922
2923
2924
2925
2927
2930
2931
2933
2934
2936
2937
2943
2946
2949
2954
2958
2960
2962
2964
2979
2980
2986
2988
2989
2990
2991
2992
2994
2995
2996
3000
3001
3002
3006
3008
3009
3011
3013
3015
3017
3018
3019
3023
3026
3029
3039
3040
3041
3043
3047
3051
3053
3054
3055
3056
3057
3058
3063
3066
3068
3074
3075
3076
3080
3082
3083
3084
3085
3089
3090
3091
3099
3100
3101
3102
3103
3108
3113
3115
3116
3118
3119
3122
3123
3127
3132
3133
3142
3143
3145
3146
3149
3150
3154
3156
3160
3162
3164
3168
3172
3177
3178
3180
3181
3184
3187
3188
3192
3197
3198
3199
3200
3205
3207
3208
3209
3213
3221
3222
3225
3226
3229
3230
3231
3235
3247
3248
3249
3250
3252
3257
3258
3268
3270
3276
3280
3282
3284
3285
3290
3292
3296
3298
3300
3303
3305
3306
3307
3308
3311
3312
3313
3315
3317
3319
3320
3325
3326
3330
3331
3332
3335
3336
3338
3342
3344
3345
3346
3348
3349
3350
3351
3352
3357
3359
3360
3361
3362
3365
3366
3369
3377
3379
3380
3382
3385
3389
3390
3391
3392
3395
3396
3397
3399
3401
3402
3403
3404
3406
3411
3412
3413
3414
3416
3417
3418
3419
3420
3424
3427
3430
3434
3436
3437
3439
3444
3445
3447
3451
3452
3456
3460
3463
3466
3472
3474
3475
3477
3480
3481
3484
3491
3495
3496
3499
3500
3501
3504
3511
3512
3513
3514
3516
3520
3521
3523
3533
3535
3536
3537
3538
3539
3540
3541
3543
3545
3547
3548
3549
3553
3555
3560
3566
3571
3572
3574
3575
3576
3579
3583
3584
3585
3587
3588
3589
3594
3596
3597
3598
3601
3605
3609
3616
3618
3622
3630
3632
3635
3638
3639
3641
3643
3648
3649
3650
3653
3655
3657
3658
3659
3660
3666
3667
3669
3673
3675
3679
3682
3684
3689
3690
3695
3698
3699
3700
3703
3705
3706
3707
3708
3709
3712
3715
3718
3720
3722
3723
3724
3731
3732
3737
3738
3739
3741
3742
3744
3746
3747
3749
3750
3752
3753
3754
3756
3758
3760
3763
3764
3765
3767
3768
3773
3774
3775
3777
3780
3786
3788
3789
3791
3794
3802
3803
3805
3808
3810
3813
3817
3824
3828
3830
3831
3835
3838
3840
3843
3847
3854
3857
3858
3864
3865
3874
3875
3878
3884
3885
3887
3890
3894
3895
3899
3901
3906
3907
3913
3917
3919
3921
3922
3926
3931
3934
3935
3938
3942
3943
3946
3950
3955
3956
3958
3962
3963
3965
3966
3967
3969
3970
3973
3977
3983
3985
3986
3987
3989
3992
3993
3997
3999
4000
4001
4005
4014
4017
4018
4019
4020
4022
4023
4024
4025
4035
4036
4037
4042
4045
4046
4047
4049
4051
4052
4053
4061
4062
4065
4068
4074
4080
4081
4084
4085
4092
4094
4099
4102
4106
4107
4108
4115
4116
4119
4120
4122
4125
4126
4129
4131
4132
4133
4134
4135
4136
4137
4142
4143
4146
4148
4149
4150
4151
4152
4153
4155
4160
4161
4162
4164
4166
4170
4171
4173
4174
4175
4176
4178
4185
4191
4194
4198
4199
4202
4206
4207
4214
4216
4217
4222
4223
4224
4228
4229
4232
4233
4234
4236
4237
4240
4242
4243
4246
4247
4248
4251
4253
4257
4258
4262
4263
4266
4269
4290
4291
4298
4302
4303
4304
4308
4309
4311
4312
4313
4314
4316
4318
4320
4321
4322
4323
4326
4328
4332
4335
4338
4339
4341
4343
4344
4348
4354
4355
4360
4361
4363
4365
4368
4369
4370
4373
4374
4375
4378
4384
4385
4388
4391
4392
4395
4396
4399
4403
4407
4409
4410
4413
4415
4417
4423
4428
4432
4437
4438
4439
4440
4446
4447
4449
4450
4451
4453
4455
4456
4459
4460
4461
4462
4466
4469
4473
4478
4481
4484
4485
4490
4491
4492
4494
4497
4499
4500
4503
4504
4509
4512
4517
4518
4519
4523
4524
4526
4527
4531
4537
4539
4541
4542
4545
4546
4551
4552
4554
4555
4556
4557
4561
4565
4571
4572
4573
4574
4575
4577
4579
4580
4581
4582
4584
4588
4591
4593
4595
4596
4599
4600
4605
4611
4613
4616
4618
4620
4621
4622
4624
4627
4628
4632
4636
4641
4643
4645
4646
4649
4652
4657
4660
4661
4663
4664
4665
4669
4672
4676
4677
4680
4681
4682
4683
4687
4690
4693
4695
4699
4704
4706
4710
4713
4714
4715
4718
4719
4721
4730
4731
4733
4734
4735
4736
4737
4738
4741
4742
4743
4744
4745
4747
4755
4762
4766
4768
4769
4772
4777
4779
4781
4787
4789
4792
4794
4798
4802
4804
4808
4809
4810
4819
4821
4831
4832
4836
4837
4838
4839
4841
4842
4844
4850
4853
4855
4856
4857
4860
4862
4863
4864
4865
4866
4870
4879
4880
4886
4888
4889
4896
4900
4902
4904
4905
4911
4912
4913
4915
4916
4917
4918
4925
4928
4929
4936
4939
4940
4941
4944
4945
4946
4948
4950
4951
4953
4954
4959
4961
4962
4963
4967
4968
4971
4978
4985
4987
4988
4989
4993
4996
4997
4999
5003
5006
5009
5010
5011
5013
5015
5018
5021
5023
5024
5025
5029
5035
5037
5039
5042
5051
5053
5054
5056
5057
5058
5059
5062
5064
5065
5066
5068
5072
5074
5079
5082
5084
5085
5090
5091
5092
5093
5094
5095
5096
5097
5100
5102
5103
5107
5108
5112
5114
5116
5119
5121
5127
5128
5136
5137
5138
5141
5143
5144
5145
5149
5152
5154
5161
5165
5166
5172
5173
5174
5175
5176
5178
5179
5180
5181
5185
5186
5187
5189
5192
5198
5202
5203
5205
5207
5208
5210
5211
5212
5213
5214
5215
5217
5218
5219
5221
5223
5226
5231
5236
5237
5240
5241
5245
5247
5248
5252
5253
5257
5258
5259
5260
5261
5262
5264
5266
5267
5268
5271
5273
5274
5275
5277
5280
5283
5285
5286
5287
5289
5292
5293
5294
5295
5296
5298
5305
5306
5308
5309
5313
5315
5322
5326
5328
5332
5333
5335
5336
5337
5338
5341
5343
5351
5353
5361
5365
5367
5368
5373
5375
5377
5378
5380
5381
5387
5389
5390
5391
5392
5393
5395
5399
5400
5406
5408
5410
5412
5415
5416
5419
5420
5421
5423
5424
5426
5429
5435
5442
5443
5444
5447
5454
5457
5460
5463
5464
5467
5468
5470
5474
5486
5487
5488
5489
5491
5492
5493
5494
5499
5504
5513
5514
5519
5521
5522
5525
5528
5529
5530
5531
5533
5534
5535
5536
5537
5551
5554
5555
5557
5559
5562
5564
5567
5575
5583
5585
5592
5593
5594
5600
5601
5609
5610
5614
5615
5616
5617
5618
5619
5620
5621
5625
5631
5632
5636
5637
5638
5639
5642
5648
5649
5650
5651
5654
5656
5657
5658
5663
5667
5668
5671
5673
5675
5679
5680
5683
5685
5686
5689
5691
5694
5698
5699
5700
5703
5706
5711
5713
5715
5718
5722
5724
5731
5732
5733
5735
5736
5740
5741
5744
5745
5747
5750
5751
5757
5761
5767
5768
5769
5770
5773
5775
5779
5780
5783
5787
5788
5791
5793
5794
5795
5796
5798
5801
5802
5806
5808
5812
5813
5814
5815
5818
5820
5824
5825
5828
5829
5832
5836
5837
5838
5839
5843
5844
5847
5848
5849
5850
5851
5852
5855
5857
5860
5865
5866
5867
5870
5871
5875
5877
5879
5880
5881
5886
5889
5891
5892
5894
5896
5897
5899
5900
5904
5907
5909
5913
5917
5918
5920
5924
5927
5928
5934
5935
5936
5937
5938
5939
5947
5950
5951
5954
5955
5956
5959
5961
5963
5964
5967
5969
5971
5973
5974
5975
5976
5979
5982
5985
5989
5992
5993
5994
5995
5998
6003
6004
6005
6007
6019
6021
6030
6036
6038
6039
6040
6041
6044
6050
6052
6053
6054
6056
6057
6060
6061
6062
6064
6066
6067
6068
6069
6072
6073
6074
6081
6083
6085
6086
6087
6093
6094
6096
6100
6102
6103
6105
6109
6110
6112
6113
6115
6117
6125
6127
6129
6130
6145
6146
6147
6155
6156
6158
6163
6170
6174
6175
6180
6182
6183
6184
6185
6189
6190
6194
6199
6203
6204
6206
6209
6215
6221
6225
6226
6229
6230
6233
6234
6237
6245
6249
6252
6254
6255
6260
6263
6264
6265
6268
6270
6272
6274
6275
6276
6277
6280
6281
6282
6284
6288
6291
6295
6298
6300
6305
6308
6310
6314
6320
6321
6324
6325
6331
6338
6342
6346
6349
6354
6357
6359
6362
6363
6368
6369
6370
6376
6377
6378
6387
6388
6392
6400
6402
6406
6407
6410
6415
6417
6419
6421
6423
6424
6432
6433
6434
6436
6438
6441
6442
6443
6444
6445
6446
6447
6450
6452
6454
6458
6460
6473
6474
6476
6478
6480
6481
6483
6486
6491
6493
6494
6495
6498
6502
6504
6507
6508
6513
6515
6516
6517
6520
6523
6525
6526
6531
6541
6547
6548
6551
6552
6553
6555
6558
6559
6560
6563
6565
6566
6568
6569
6570
6577
6578
6579
6582
6585
6587
6602
6604
6609
6613
6619
6622
6625
6626
6627
6629
6630
6631
6634
6635
6644
6646
6649
6651
6652
6653
6654
6655
6658
6664
6665
6666
6668
6672
6675
6676
6685
6686
6691
6692
6695
6696
6699
6705
6706
6712
6713
6714
6716
6718
6720
6721
6733
6735
6736
6738
6741
6742
6743
6744
6745
6747
6749
6751
6752
6753
6759
6763
6768
6770
6777
6778
6781
6782
6784
6785
6786
6791
6793
6794
6798
6799
6800
6801
6802
6803
6805
6807
6808
6810
6811
6817
6819
6825
6829
6830
6831
6834
6835
6837
6838
6839
6841
6843
6844
6847
6852
6859
6861
6862
6863
6870
6871
6874
6875
6876
6878
6879
6881
6882
6885
6888
6890
6893
6895
6897
6901
6905
6907
6911
6914
6917
6924
6925
6926
6932
6933
6934
6937
6938
6940
6947
6948
6949
6950
6952
6958
6959
6960
6962
6964
6965
6966
6968
6973
6974
6976
6977
6981
6983
6985
6987
6989
6992
6995
6996
6997
7000
7001
7002
7003
7005
7007
7008
7010
7015
7020
7022
7023
7027
7028
7030
7031
7035
7036
7038
7040
7041
7047
7048
7049
7050
7052
7059
7061
7062
7063
7065
7066
7067
7068
7070
7072
7076
7078
7079
7083
7085
7090
7091
7093
7095
7097
7098
7103
7104
7107
7110
7113
7119
7120
7122
7125
7127
7128
7130
7132
7134
7135
7136
7140
7141
7146
7147
7148
7149
7150
7151
7154
7156
7157
7164
7166
7168
7170
7172
7175
7176
7178
7180
7181
7182
7183
7185
7187
7189
7193
7194
7195
7196
7198
7199
7201
7202
7203
7208
7209
7213
7214
7216
7220
7221
7223
7225
7226
7227
7233
7239
7240
7241
7242
7243
7244
7245
7248
7249
7255
7257
7258
7263
7266
7267
7268
7270
7275
7276
7278
7280
7281
7286
7287
7288
7290
7292
7293
7294
7295
7296
7299
7300
7303
7304
7309
7310
7315
7319
7321
7323
7325
7326
7327
7328
7335
7339
7340
7342
7345
7348
7349
7354
7355
7356
7357
7358
7359
7362
7363
7364
7366
7368
7373
7377
7379
7386
7388
7389
7390
7392
7395
7397
7398
7400
7402
7404
7410
7411
7414
7415
7416
7418
7420
7426
7428
7431
7435
7438
7442
7445
7449
7455
7456
7463
7464
7465
7468
7469
7471
7474
7476
7477
7483
7485
7489
7490
7492
7493
7495
7497
7500
7501
7502
7507
7511
7512
7513
7514
7517
7519
7530
7532
7535
7536
7537
7540
7542
7547
7550
7553
7560
7561
7563
7569
7575
7578
7579
7580
7581
7583
7584
7585
7586
7587
7588
7589
7590
7597
7601
7602
7603
7604
7606
7611
7612
7614
7615
7621
7627
7630
7633
7636
7644
7645
7646
7654
7655
7660
7661
7662
7666
7668
7671
7672
7674
7676
7678
7680
7689
7691
7695
7696
7697
7702
7703
7705
7707
7708
7709
7711
7712
7713
7714
7715
7716
7717
7718
7723
7726
7729
7730
7737
7740
7744
7747
7754
7756
7758
7760
7764
7766
7767
7769
7770
7773
7776
7777
7781
7782
7783
7789
7793
7797
7799
7800
7804
7806
7808
7809
7814
7818
7820
7823
7824
7827
7828
7832
7834
7841
7842
7843
7844
7848
7849
7853
7854
7856
7859
7860
7861
7863
7867
7869
7871
7879
7880
7886
7889
7890
7891
7893
7894
7898
7899
7900
7901
7906
7908
7909
7910
7911
7915
7918
7922
7923
7932
7936
7937
7939
7944
7949
7950
7954
7955
7956
7957
7961
7962
7963
7971
7972
7975
7978
7990
7993
7994
7996
8000
8003
8004
8006
8007
8010
8011
8017
8018
8022
8027
8030
8031
8033
8035
8036
8039
8040
8041
8046
8048
8050
8051
8053
8056
8062
8073
8077
8078
8081
8083
8084
8086
8088
8095
8096
8098
8099
8102
8104
8105
8106
8107
8110
8111
8115
8119
8120
8121
8122
8123
8126
8138
8140
8141
8146
8149
8150
8152
8156
8157
8158
8159
8160
8162
8164
8165
8166
8167
8177
8178
8183
8185
8186
8189
8191
8192
8193
8198
8199
8200
8202
8203
8204
8205
8210
8211
8213
8215
8217
8219
8221
8222
8223
8225
8227
8228
8229
8231
8233
8235
8244
8246
8249
8254
8256
8259
8260
8264
8269
8270
8274
8276
8278
8279
8280
8281
8283
8284
8285
8287
8288
8289
8290
8292
8293
8298
8301
8305
8306
8307
8311
8318
8320
8321
8323
8324
8326
8327
8333
8334
8335
8336
8338
8339
8341
8344
8346
8347
8349
8351
8354
8363
8364
8369
8370
8371
8372
8376
8377
8378
8383
8385
8386
8390
8392
8395
8400
8405
8406
8408
8409
8410
8412
8414
8416
8421
8424
8425
8427
8428
8430
8432
8433
8438
8439
8440
8442
8447
8448
8450
8451
8454
8455
8459
8462
8463
8467
8468
8469
8471
8477
8479
8480
8482
8485
8488
8490
8495
8503
8506
8507
8510
8513
8515
8518
8521
8523
8526
8529
8533
8534
8535
8538
8539
8542
8543
8544
8548
8551
8555
8557
8559
8561
8565
8566
8567
8568
8569
8570
8572
8574
8576
8578
8586
8588
8589
8590
8591
8592
8613
8617
8618
8620
8623
8624
8628
8630
8633
8636
8637
8646
8652
8659
8660
8664
8672
8674
8675
8677
8678
8679
8680
8682
8684
8685
8687
8690
8691
8692
8693
8694
8702
8705
8709
8711
8716
8720
8723
8729
8730
8733
8734
8737
8743
8744
8747
8748
8750
8753
8756
8759
8762
8764
8768
8769
8772
8774
8779
8780
8781
8785
8787
8788
8794
8795
8797
8799
8800
8801
8810
8811
8814
8815
8816
8822
8825
8827
8837
8839
8840
8845
8847
8851
8855
8856
8858
8859
8865
8866
8867
8870
8872
8874
8875
8878
8882
8883
8884
8886
8887
8888
8890
8891
8893
8897
8900
8901
8902
8906
8907
8909
8910
8911
8923
8938
8940
8943
8947
8950
8952
8954
8955
8961
8963
8966
8967
8969
8973
8975
8976
8977
8978
8981
8982
8983
8985
8987
8988
8989
8993
8996
8997
8998
8999
9008
9009
9010
9011
9012
9014
9017
9019
9022
9025
9027
9034
9036
9040
9044
9045
9050
9051
9052
9054
9056
9057
9058
9063
9064
9069
9073
9075
9077
9079
9087
9089
9093
9105
9107
9108
9110
9111
9112
9113
9117
9118
9119
9123
9126
9133
9137
9138
9140
9142
9146
9148
9151
9152
9153
9156
9161
9163
9165
9166
9175
9177
9181
9182
9183
9190
9193
9194
9195
9200
9204
9205
9206
9210
9211
9215
9216
9217
9221
9222
9223
9231
9236
9239
9241
9244
9247
9250
9251
9254
9261
9263
9265
9268
9270
9275
9276
9277
9279
9280
9281
9282
9284
9285
9286
9289
9294
9295
9297
9298
9299
9300
9301
9302
9303
9305
9306
9307
9309
9312
9313
9315
9316
9319
9325
9327
9331
9334
9335
9344
9345
9348
9351
9354
9355
9359
9360
9361
9362
9363
9364
9366
9368
9372
9374
9375
9377
9378
9379
9381
9383
9385
9386
9387
9390
9391
9392
9396
9398
9400
9409
9411
9414
9416
9418
9419
9421
9423
9425
9432
9434
9436
9437
9439
9440
9445
9446
9454
9456
9457
9458
9459
9461
9462
9464
9466
9473
9474
9477
9478
9483
9486
9489
9491
9495
9496
9497
9499
9502
9505
9507
9509
9510
9517
9519
9523
9525
9526
9527
9531
9532
9533
9536
9538
9540
9544
9550
9551
9552
9553
9554
9557
9558
9561
9562
9566
9568
9575
9576
9577
9582
9584
9585
9588
9589
9590
9592
9596
9597
9598
9599
9600
9602
9604
9607
9609
9611
9613
9614
9617
9618
9619
9621
9624
9630
9631
9635
9636
9637
9638
9639
9644
9646
9652
9655
9659
9660
9668
9675
9676
9677
9681
9683
9686
9687
9689
9691
9692
9694
9696
9697
9698
9702
9704
9706
9707
9712
9714
9717
9719
9720
9723
9729
9731
9734
9736
9741
9744
9745
9747
9749
9758
9762
9764
9765
9769
9772
9773
9777
9780
9784
9786
9787
9788
9791
9794
9797
9801
9802
9803
9808
9810
9812
9813
9816
9817
9818
9819
9826
9829
9830
9831
9835
9836
9837
9843
9844
9845
9847
9848
9849
9850
9852
9857
9859
9862
9866
9869
9872
9875
9877
9881
9883
9885
9886
9887
9888
9889
9891
9892
9893
9897
9899
9903
9907
9908
9913
9915
9916
9917
9919
9920
9925
9928
9933
9937
9938
9940
9942
9943
9951
9953
9955
9956
9965
9969
9973
9974
9976
9977
9979
9980
9983
9985
9986
9989
9990
9992
9993
9994
9995
9996
9997
9998
10000
10001
10002
10005
10008
10011
10012
10016
10017
10020
10021
10022
10024
10026
10027
10032
10033
10035
10036
10041
10042
10045
10046
10050
10053
10056
10057
10059
10061
10065
10066
10067
10068
10071
10072
10075
10079
10083
10084
10086
10087
10089
10094
10095
10098
10102
10104
10111
10113
10114
10118
10119
10120
10124
10126
10129
10130
10132
10133
10138
10139
10141
10144
10145
10146
10152
10159
10160
10162
10169
10171
10175
10176
10179
10180
10181
10185
10186
10188
10189
10190
10191
10193
10195
10200
10201
10203
10211
10213
10214
10215
10216
10218
10222
10223
10226
10233
10235
10240
10242
10245
10252
10254
10255
10256
10260
10261
10268
10270
10273
10274
10275
10280
10281
10285
10286
10288
10292
10294
10296
10298
10301
10303
10305
10306
10311
10312
10314
10316
10321
10322
10326
10327
10330
10333
10336
10337
10338
10339
10340
10341
10345
10346
10347
10348
10349
10353
10355
10356
10359
10360
10361
10363
10365
10367
10370
10371
10372
10374
10376
10377
10378
10379
10380
10382
10383
10387
10389
10391
10400
10401
10402
10403
10404
10406
10409
10415
10420
10424
10427
10431
10432
10444
10449
10450
10452
10453
10458
10459
10463
10464
10469
10470
10471
10474
10477
10481
10482
10483
10484
10485
10488
10489
10502
10503
10509
10511
10513
10514
10515
10516
10519
10521
10525
10526
10527
10528
10530
10534
10535
10536
10537
10541
10546
10547
10550
10555
10556
10559
10562
10567
10571
10576
10577
10582
10583
10585
10586
10588
10593
10594
10596
10600
10603
10604
10606
10607
10611
10614
10619
10623
10627
10628
10629
10630
10632
10636
10639
10641
10642
10645
10647
10651
10652
10654
10655
10659
10661
10664
10666
10667
10670
10672
10673
10677
10680
10681
10682
10683
10688
10689
10695
10699
10702
10705
10706
10707
10713
10714
10715
10716
10717
10722
10728
10731
10739
10741
10744
10746
10750
10752
10755
10756
10757
10758
10759
10761
10762
10764
10766
10769
10770
10772
10773
10774
10776
10779
10783
10788
10792
10793
10794
10800
10802
10803
10804
10805
10806
10810
10812
10819
10821
10822
10823
10825
10829
10833
10834
10840
10843
10845
10846
10847
10848
10849
10852
10853
10858
10859
10863
10864
10865
10866
10867
10870
10874
10879
10886
10891
10892
10894
10899
10902
10903
10905
10907
10911
10917
10918
10920
10921
10925
10929
10930
10933
10938
10946
10948
10949
10951
10952
10958
10959
10963
10966
10968
10973
10974
10977
10978
10981
10987
10990
10991
10995
10996
11001
11002
11003
11008
11009
11010
11013
11016
11017
11021
11024
11028
11030
11033
11035
11036
11037
11041
11042
11043
11048
11054
11055
11059
11061
11062
11068
11069
11074
11075
11077
11080
11081
11085
11086
11089
11090
11092
11093
11095
11097
11098
11100
11101
11102
11108
11111
11112
11113
11114
11118
11120
11121
11126
11129
11130
11132
11134
11139
11140
11141
11142
11146
11147
11149
11154
11157
11161
11165
11166
11168
11181
11183
11185
11186
11188
11189
11194
11196
11200
11204
11205
11206
11208
11209
11213
11216
11217
11222
11223
11224
11227
11230
11236
11238
11245
11247
11248
11251
11252
11254
11255
11257
11259
11263
11264
11266
11267
11270
11272
11274
11276
11278
11279
11284
11285
11288
11289
11291
11295
11296
11299
11303
11307
11311
11312
11313
11316
11326
11328
11330
11331
11332
11336
11341
11343
11351
11352
11355
11358
11360
11363
11365
11368
11381
11383
11384
11385
11386
11389
11390
11398
11399
11404
11407
11408
11413
11414
11416
11417
11418
11419
11423
11425
11427
11428
11429
11430
11431
11433
11437
11445
11449
11455
11456
11457
11460
11462
11465
11467
11471
11472
11476
11486
11488
11492
11493
11495
11496
11501
11503
11505
11506
11507
11511
11512
11516
11518
11520
11521
11522
11523
11526
11530
11531
11536
11537
11539
11541
11543
11544
11546
11547
11548
11549
11552
11554
11560
11561
11562
11564
11565
11568
11570
11575
11578
11579
11580
11582
11584
11586
11587
11590
11592
11595
11596
11597
11606
11608
11610
11611
11615
11619
11620
11621
11623
11626
11627
11628
11630
11632
11634
11639
11641
11643
11644
11646
11647
11649
11653
11657
11660
11662
11666
11669
11670
11673
11674
11677
11678
11680
11683
11684
11686
11689
11691
11693
11700
11704
11708
11709
11712
11713
11714
11715
11721
11722
11724
11726
11727
11734
11735
11736
11738
11739
11741
11743
11745
11747
11749
11750
11751
11754
11757
11759
11765
11767
11768
11774
11779
11780
11783
11786
11787
11789
11804
11805
11808
11814
11823
11824
11825
11827
11828
11835
11836
11837
11839
11842
11843
11845
11847
11848
11854
11860
11863
11864
11868
11870
11871
11873
11875
11876
11878
11879
11880
11883
11884
11885
11891
11893
11894
11895
11897
11898
11899
11904
11910
11913
11914
11915
11918
11923
11924
11929
11930
11932
11933
11937
11940
11948
11949
11950
11954
11955
11956
11957
11958
11961
11962
11963
11964
11967
11968
11971
11973
11975
11981
11985
11987
11989
11996
11997
11999
12002
12004
12010
12011
12013
12024
12026
12030
12031
12036
12041
12049
12051
12057
12059
12060
12061
12066
12068
12076
12077
12080
12083
12085
12086
12089
12090
12093
12095
12096
12097
12108
12109
12110
12112
12116
12124
12125
12127
12130
12132
12138
12139
12142
12146
12148
12151
12152
12153
12154
12155
12156
12157
12158
12159
12160
12163
12167
12171
12172
12175
12176
12181
12182
12184
12186
12188
12190
12191
12193
12195
12198
12200
12201
12204
12205
12211
12214
12218
12219
12222
12224
12225
12226
12228
12231
12232
12235
12236
12238
12240
12244
12245
12247
12248
12249
12251
12256
12258
12259
12262
12266
12269
12271
12278
12279
12280
12282
12283
12285
12286
12288
12295
12298
12299
12301
12302
12310
12311
12317
12318
12319
12321
12322
12325
12327
12333
12336
12337
12338
12341
12342
12343
12344
12347
12348
12349
12351
12354
12355
12356
12358
12361
12362
12363
12365
12366
12368
12370
12372
12373
12375
12376
12379
12380
12381
12383
12385
12386
12392
12396
12398
12407
12408
12409
12411
12413
12414
12416
12418
12420
12424
12426
12427
12428
12432
12435
12436
12442
12447
12449
12450
12452
12453
12454
12458
12461
12463
12466
12469
12470
12471
12472
12479
12480
12482
12484
12487
12489
12490
12494
12496
12497
12498
12500
12501
12503
12505
12507
12511
12512
12513
12515
12516
12518
12519
12520
12521
12523
12524
12525
12527
12529
12536
12540
12541
12544
12551
12552
12554
12555
12558
12563
12566
12567
12568
12569
12572
12574
12575
12577
12578
12583
12584
12585
12589
12591
12594
12595
12598
12600
12601
12606
12607
12608
12610
12614
12615
12621
12623
12627
12628
12629
12630
12632
12633
12634
12635
12637
12639
12640
12641
12642
12643
12644
12651
12652
12659
12660
12663
12668
12672
12675
12676
12679
12681
12682
12683
12684
12685
12687
12689
12690
12692
12694
12702
12703
12707
12709
12714
12716
12720
12724
12726
12727
12729
12732
12734
12736
12738
12744
12745
12748
12749
12752
12753
12754
12756
12763
12764
12767
12769
12770
12774
12777
12781
12782
12785
12791
12792
12797
12798
12801
12802
12805
12808
12810
12811
12813
12815
12817
12818
12821
12825
12826
12829
12830
12831
12833
12836
12837
12842
12843
12844
12847
12848
12850
12851
12852
12857
12858
12859
12860
12862
12866
12868
12869
12873
12876
12878
12879
12882
12885
12888
12889
12892
12894
12896
12898
12900
12903
12905
12907
12909
12912
12918
12919
12920
12921
12922
12924
12927
12928
12930
12933
12934
12935
12936
12938
12939
12940
12945
12949
12953
12955
12956
12957
12959
12961
12962
12963
12966
12968
12969
12970
12971
12973
12986
12993
12994
12997
12998
13005
13006
13007
13009
13014
13015
13017
13018
13027
13032
13034
13039
13043
13045
13046
13049
13050
13053
13057
13059
13071
13074
13076
13077
13079
13085
13086
13093
13094
13095
13098
13099
13101
13103
13109
13110
13112
13113
13117
13119
13120
13128
13130
13134
13135
13137
13140
13142
13144
13146
13147
13160
13163
13168
13171
13172
13175
13176
13177
13178
13180
13181
13186
13192
13193
13194
13197
13204
13206
13207
13208
13211
13214
13216
13220
13222
13223
13226
13227
13233
13237
13242
13243
13247
13251
13252
13253
13259
13260
13266
13267
13269
13271
13272
13274
13277
13279
13281
13282
13283
13284
13286
13287
13288
13292
13295
13303
13306
13307
13308
13312
13321
13323
13329
13332
13333
13335
13337
13338
13339
13342
13343
13344
13345
13346
13348
13351
13358
13359
13369
13370
13380
13386
13387
13392
13393
13394
13395
13396
13399
13403
13404
13407
13409
13410
13420
13421
13425
13430
13431
13437
13444
13447
13451
13457
13460
13461
13462
13464
13466
13468
13470
13474
13476
13479
13480
13481
13482
13484
13485
13486
13487
13490
13492
13495
13496
13497
13498
13499
13502
13503
13509
13510
13511
13516
13517
13519
13520
13521
13522
13525
13526
13527
13529
13531
13534
13539
13540
13545
13547
13548
13549
13550
13554
13555
13556
13558
13560
13569
13570
13573
13574
13576
13579
13580
13584
13585
13586
13587
13588
13593
13595
13603
13609
13614
13615
13619
13620
13629
13632
13633
13635
13637
13641
13643
13648
13649
13651
13653
13654
13655
13656
13657
13659
13660
13662
13664
13668
13671
13672
13673
13676
13677
13678
13679
13681
13685
13686
13688
13696
13700
13701
13703
13707
13710
13711
13712
13713
13721
13722
13727
13728
13730
13732
13733
13738
13739
13740
13741
13742
13744
13754
13756
13757
13759
13762
13763
13764
13765
13766
13768
13769
13770
13772
13775
13779
13780
13781
13782
13784
13785
13787
13788
13789
13792
13793
13796
13797
13798
13799
13800
13801
13802
13807
13810
13812
13813
13814
13817
13819
13820
13822
13823
13826
13828
13831
13832
13833
13837
13840
13841
13847
13851
13852
13853
13854
13857
13859
13862
13863
13864
13865
13868
13869
13872
13873
13874
13875
13878
13879
13880
13882
13883
13891
13893
13895
13896
13901
13902
13903
13904
13905
13908
13913
13916
13918
13921
13922
13924
13925
13926
13932
13933
13934
13938
13942
13952
13953
13954
13955
13957
13958
13959
13967
13970
13971
13980
13981
13982
13986
13991
13996
13998
13999
14004
14005
14007
14008
14011
14013
14014
14015
14018
14021
14023
14025
14028
14030
14034
14037
14040
14041
14043
14044
14046
14048
14053
14055
14057
14059
14062
14065
14067
14068
14070
14073
14074
14075
14077
14080
14083
14085
14086
14087
14088
14089
14091
14094
14095
14096
14097
14098
14101
14103
14107
14109
14115
14116
14117
14122
14126
14130
14132
14136
14137
14146
14147
14150
14151
14154
14158
14160
14165
14167
14169
14176
14177
14179
14181
14183
14184
14186
14187
14188
14191
14193
14197
14198
14199
14200
14201
14206
14207
14211
14212
14214
14215
14218
14219
14225
14228
14229
14230
14235
14236
14239
14241
14244
14246
14247
14248
14250
14252
14258
14260
14262
14263
14264
14267
14270
14271
14279
14280
14282
14285
14288
14290
14291
14294
14299
14301
14302
14304
14306
14307
14312
14313
14315
14318
14320
14323
14325
14326
14334
14335
14336
14338
14341
14343
14346
14347
14349
14353
14355
14356
14361
14362
14363
14365
14367
14368
14373
14376
14382
14385
14386
14389
14391
14392
14393
14394
14397
14400
14401
14402
14405
14406
14407
14409
14410
14411
14413
14414
14417
14420
14421
14423
14427
14428
14429
14434
14436
14437
14438
14439
14440
14441
14442
14443
14446
14447
14449
14453
14454
14456
14457
14459
14464
14476
14478
14479
14482
14483
14488
14490
14491
14493
14494
14495
14499
14507
14509
14513
14514
14523
14524
14525
14528
14529
14530
14532
14533
14537
14538
14540
14542
14543
14544
14548
14550
14552
14556
14557
14558
14563
14565
14566
14570
14578
14581
14585
14586
14587
14590
14591
14594
14597
14598
14601
14603
14607
14608
14610
14612
14615
14617
14620
14623
14625
14626
14630
14631
14637
14640
14642
14652
14656
14658
14659
14663
14670
14674
14675
14676
14679
14682
14683
14684
14685
14689
14690
14692
14693
14697
14701
14703
14706
14707
14709
14710
14711
14714
14716
14717
14726
14733
14734
14735
14736
14739
14740
14741
14743
14745
14749
14750
14752
14756
14761
14766
14767
14769
14771
14776
14777
14778
14779
14780
14782
14790
14791
14792
14793
14798
14803
14809
14810
14811
14813
14815
14818
14820
14825
14827
14828
14829
14831
14832
14834
14835
14836
14841
14842
14843
14844
14850
14851
14852
14854
14858
14861
14862
14865
14866
14867
14868
14871
14872
14876
14880
14884
14885
14886
14889
14890
14892
14894
14895
14896
14901
14905
14906
14910
14911
14912
14913
14915
14916
14917
14924
14926
14927
14928
14929
14933
14934
14941
14944
14946
14948
14949
14950
14953
14956
14957
14958
14959
14966
14967
14970
14972
14978
14979
14980
14985
14988
14993
14996
14999
15001
15002
15009
15013
15015
15017
15020
15026
15029
15032
15033
15034
15044
15046
15048
15051
15052
15053
15055
15060
15062
15067
15068
15074
15075
15077
15079
15081
15082
15083
15084
15085
15089
15094
15096
15097
15098
15101
15103
15104
15105
15109
15111
15113
15115
15116
15121
15127
15130
15138
15140
15141
15143
15146
15151
15153
15154
15156
15163
15165
15166
15167
15169
15171
15173
15180
15183
15188
15189
15190
15193
15195
15196
15198
15199
15200
15204
15206
15207
15208
15211
15213
15214
15226
15227
15234
15238
15239
15241
15242
15243
15246
15254
15256
15258
15259
15261
15267
15271
15274
15277
15279
15282
15283
15284
15285
15290
15292
15293
15295
15301
15302
15305
15306
15307
15312
15313
15315
15316
15318
15325
15326
15327
15330
15333
15334
15337
15341
15342
15346
15350
15361
15363
15364
15365
15370
15375
15376
15377
15379
15381
15384
15385
15386
15387
15388
15389
15393
15394
15395
15398
15408
15409
15410
15413
15416
15418
15421
15423
15425
15427
15428
15430
15433
15435
15441
15445
15447
15451
15452
15454
15461
15462
15466
15468
15470
15472
15475
15479
15480
15484
15486
15487
15488
15489
15491
15493
15495
15499
15500
15501
15503
15504
15505
15510
15512
15513
15514
15517
15523
15526
15529
15530
15535
15536
15538
15540
15543
15544
15549
15552
15553
15559
15561
15562
15567
15571
15574
15575
15577
15578
15580
15581
15584
15589
15591
15592
15593
15599
15601
15602
15605
15609
15615
15617
15622
15628
15632
15634
15636
15637
15638
15639
15644
15645
15646
15648
15651
15652
15662
15663
15665
15666
15669
15672
15673
15677
15678
15681
15683
15685
15687
15689
15690
15691
15698
15700
15702
15706
15707
15710
15711
15713
15715
15719
15720
15722
15724
15725
15728
15729
15730
15732
15745
15746
15749
15752
15753
15756
15757
15760
15762
15763
15768
15775
15777
15780
15781
15784
15785
15786
15788
15798
15801
15802
15804
15807
15810
15812
15814
15824
15825
15827
15828
15830
15831
15838
15839
15843
15844
15845
15847
15852
15853
15854
15855
15856
15857
15859
15862
15865
15866
15868
15869
15870
15871
15873
15874
15876
15880
15882
15885
15886
15888
15891
15897
15899
15900
15901
15903
15905
15906
15908
15911
15915
15916
15920
15923
15924
15926
15927
15930
15933
15936
15943
15944
15947
15950
15953
15954
15955
15958
15959
15960
15961
15963
15966
15969
15972
15973
15978
15979
15982
15983
15984
15986
15988
15990
15996
15999
16000
16003
16007
16011
16012
16018
16019
16021
16024
16025
16033
16036
16037
16038
16040
16043
16046
16047
16048
16049
16050
16051
16053
16055
16056
16058
16063
16064
16066
16071
16082
16089
16090
16094
16098
16101
16102
16105
16106
16109
16113
16116
16119
16120
16121
16122
16130
16131
16134
16137
16143
16145
16150
16153
16156
16157
16158
16161
16165
16168
16169
16174
16175
16179
16182
16185
16186
16188
16193
16194
16195
16196
16203
16207
16209
16210
16216
16217
16218
16219
16220
16221
16222
16225
16227
16228
16230
16233
16234
16235
16237
16238
16239
16243
16244
16245
16246
16249
16252
16254
16255
16260
16262
16264
16265
16267
16269
16273
16275
16278
16279
16281
16282
16283
16287
16288
16291
16292
16293
16295
16297
16298
16299
16300
16304
16305
16308
16313
16315
16316
16318
16319
16323
16325
16328
16331
16337
16339
16342
16345
16346
16347
16348
16350
16357
16358
16360
16363
16364
16368
16370
16371
16374
16379
16383
16385
16388
16389
16396
16398
16399
16400
16401
16407
16408
16409
16410
16411
16413
16417
16421
16422
16425
16427
16428
16429
16430
16434
16435
16437
16438
16442
16443
16451
16454
16455
16457
16458
16460
16462
16463
16465
16467
16470
16473
16476
16478
16484
16487
16492
16501
16502
16505
16506
16507
16511
16513
16514
16515
16517
16519
16522
16524
16525
16528
16533
16534
16536
16538
16541
16545
16551
16552
16554
16562
16563
16567
16568
16569
16571
16572
16573
16574
16576
16578
16581
16584
16586
16588
16594
16599
16601
16604
16606
16608
16610
16611
16613
16614
16615
16617
16620
16621
16623
16625
16626
16629
16631
16647
16653
16654
16655
16656
16658
16662
16664
16665
16666
16672
16674
16675
16677
16680
16681
16682
16684
16695
16697
16698
16701
16702
16704
16705
16708
16710
16713
16716
16718
16719
16721
16724
16725
16726
16727
16733
16736
16741
16744
16746
16747
16749
16750
16752
16755
16761
16762
16765
16767
16768
16770
16772
16775
16776
16780
16781
16790
16793
16796
16798
16799
16801
16806
16807
16808
16810
16813
16814
16815
16818
16819
16820
16823
16827
16833
16835
16836
16837
16840
16842
16843
16844
16845
16848
16849
16851
16853
16855
16856
16858
16868
16869
16871
16874
16878
16883
16887
16888
16893
16895
16900
16901
16902
16903
16907
16909
16912
16920
16924
16925
16928
16930
16931
16934
16935
16937
16940
16941
16942
16944
16946
16948
16952
16953
16955
16957
16958
16959
16961
16963
16966
16970
16971
16974
16975
16980
16981
16982
16983
16984
16986
16987
16989
16991
16993
16996
16999
17000
17001
17003
17004
17005
17006
17007
17014
17021
17023
17024
17025
17026
17027
17033
17034
17035
17038
17039
17043
17045
17054
17056
17058
17060
17063
17064
17065
17066
17068
17073
17080
17089
17091
17095
17098
17099
17100
17102
17103
17105
17106
17108
17111
17112
17118
17119
17121
17125
17128
17130
17134
17135
17136
17142
17143
17146
17147
17148
17154
17155
17158
17161
17162
17165
17166
17169
17171
17172
17173
17176
17180
17185
17188
17189
17191
17194
17196
17197
17199
17201
17203
17206
17208
17209
17210
17211
17213
17214
17215
17216
17218
17220
17228
17229
17230
17233
17247
17248
17249
17251
17252
17253
17255
17258
17260
17262
17265
17272
17273
17274
17276
17277
17278
17279
17281
17283
17286
17287
17288
17290
17298
17300
17301
17303
17305
17306
17308
17309
17311
17315
17316
17320
17325
17330
17332
17333
17334
17336
17337
17344
17356
17358
17359
17361
17363
17366
17367
17368
17370
17374
17375
17376
17377
17378
17379
17381
17382
17384
17386
17389
17390
17391
17393
17395
17396
17399
17401
17407
17409
17417
17421
17422
17424
17426
17429
17432
17434
17435
17441
17442
17444
17450
17451
17455
17459
17463
17470
17474
17477
17480
17482
17484
17492
17493
17495
17496
17499
17502
17509
17510
17513
17514
17516
17521
17522
17524
17525
17528
17532
17533
17535
17543
17545
17547
17549
17553
17555
17557
17560
17561
17566
17567
17568
17569
17575
17577
17578
17580
17581
17586
17588
17589
17591
17595
17596
17599
17602
17603
17608
17611
17612
17613
17618
17621
17623
17624
17625
17632
17633
17638
17639
17640
17642
17643
17644
17645
17646
17647
17649
17650
17653
17656
17657
17658
17659
17660
17661
17663
17664
17670
17674
17675
17677
17679
17683
17686
17687
17688
17694
17696
17698
17699
17708
17710
17711
17714
17719
17720
17721
17722
17727
17730
17736
17737
17741
17743
17744
17754
17755
17767
17769
17770
17771
17776
17778
17781
17785
17793
17798
17800
17802
17803
17807
17813
17814
17818
17821
17824
17825
17829
17830
17833
17836
17838
17843
17847
17851
17852
17853
17857
17863
17864
17865
17866
17867
17868
17874
17875
17876
17877
17878
17879
17880
17882
17884
17886
17888
17889
17891
17893
17895
17897
17902
17904
17906
17909
17911
17914
17918
17919
17920
17921
17927
17928
17929
17933
17934
17936
17937
17939
17942
17945
17946
17947
17948
17950
17956
17962
17963
17965
17966
17971
17972
17974
17975
17981
17986
17987
17988
17990
17991
17994
17997
17998
17999
18006
18011
18013
18016
18017
18018
18019
18024
18027
18029
18031
18033
18035
18036
18038
18041
18043
18044
18045
18046
18048
18049
18050
18057
18058
18061
18063
18064
18066
18067
18070
18072
18076
18077
18080
18086
18091
18092
18093
18096
18103
18104
18105
18106
18108
18110
18114
18116
18122
18123
18126
18128
18129
18134
18138
18139
18140
18145
18146
18147
18148
18150
18151
18157
18158
18159
18164
18165
18166
18170
18173
18174
18175
18178
18179
18182
18183
18184
18186
18191
18194
18195
18199
18204
18210
18215
18216
18217
18218
18222
18225
18235
18239
18244
18246
18247
18248
18250
18256
18260
18262
18264
18266
18268
18269
18274
18277
18282
18288
18289
18293
18294
18297
18299
18300
18303
18306
18308
18309
18311
18317
18318
18319
18330
18337
18341
18344
18345
18349
18350
18353
18355
18356
18359
18361
18363
18367
18368
18370
18371
18372
18375
18378
18381
18385
18387
18388
18389
18391
18396
18397
18398
18401
18402
18406
18408
18409
18411
18414
18415
18418
18420
18423
18426
18427
18430
18435
18436
18437
18438
18439
18440
18445
18446
18450
18452
18453
18457
18459
18460
18462
18466
18467
18474
18475
18481
18482
18483
18490
18491
18497
18499
18506
18507
18511
18515
18517
18518
18519
18521
18524
18525
18527
18530
18534
18540
18541
18544
18546
18550
18552
18555
18556
18559
18562
18563
18564
18566
18569
18570
18571
18574
18577
18579
18583
18584
18587
18590
18592
18596
18598
18599
18601
18602
18604
18606
18608
18609
18614
18617
18618
18625
18627
18632
18633
18638
18639
18643
18644
18650
18652
18654
18656
18658
18661
18662
18664
18665
18668
18669
18670
18672
18673
18676
18677
18681
18686
18688
18690
18694
18696
18698
18704
18709
18710
18711
18712
18714
18715
18717
18720
18721
18722
18726
18727
18728
18731
18737
18738
18739
18741
18742
18743
18744
18745
18753
18756
18757
18760
18762
18767
18773
18777
18781
18786
18787
18788
18790
18792
18793
18795
18797
18802
18804
18812
18814
18815
18821
18824
18825
18826
18828
18832
18834
18838
18841
18843
18844
18845
18846
18848
18853
18855
18858
18860
18862
18868
18869
18877
18879
18888
18891
18892
18898
18899
18900
18901
18903
18904
18906
18912
18915
18917
18920
18921
18922
18926
18928
18933
18934
18935
18937
18941
18942
18946
18948
18949
18954
18957
18960
18961
18963
18965
18967
18968
18973
18975
18976
18977
18978
18979
18981
18982
18983
18984
18986
18987
18989
18991
18997
19001
19009
19018
19020
19022
19023
19025
19026
19028
19031
19032
19033
19034
19043
19044
19045
19047
19050
19053
19054
19055
19061
19064
19066
19068
19069
19070
19076
19080
19081
19085
19089
19090
19091
19100
19101
19102
19105
19106
19107
19109
19110
19111
19112
19116
19117
19118
19120
19121
19122
19123
19124
19125
19126
19135
19137
19138
19139
19141
19147
19150
19153
19154
19155
19156
19158
19161
19163
19166
19168
19169
19177
19178
19182
19184
19185
19188
19191
19195
19196
19200
19201
19202
19203
19207
19208
19209
19212
19218
19219
19220
19222
19223
19224
19227
19228
19232
19234
19245
19246
19247
19248
19249
19250
19252
19253
19255
19256
19260
19263
19264
19265
19266
19268
19273
19274
19275
19277
19279
19281
19282
19283
19287
19291
19294
19295
19296
19297
19301
19302
19305
19306
19308
19310
19312
19313
19314
19317
19321
19322
19323
19328
19334
19335
19336
19338
19344
19348
19349
19350
19351
19354
19358
19360
19361
19364
19368
19369
19370
19374
19376
19380
19382
19389
19390
19392
19394
19395
19396
19399
19400
19403
19404
19406
19407
19409
19412
19416
19418
19420
19422
19423
19424
19426
19427
19428
19431
19435
19436
19439
19441
19443
19444
19448
19452
19456
19457
19458
19460
19461
19464
19465
19468
19471
19474
19475
19477
19481
19484
19485
19486
19487
19488
19489
19491
19492
19493
19496
19499
19507
19512
19515
19519
19520
19522
19523
19528
19530
19532
19534
19535
19537
19538
19539
19542
19545
19546
19556
19557
19561
19564
19565
19566
19570
19573
19574
19577
19582
19584
19586
19587
19589
19594
19595
19596
19600
19601
19603
19605
19608
19609
19612
19613
19616
19618
19619
19620
19621
19622
19626
19627
19628
19630
19631
19633
19637
19644
19647
19648
19649
19650
19652
19653
19654
19655
19657
19662
19664
19665
19667
19668
19669
19670
19673
19674
19675
19676
19681
19682
19684
19685
19686
19687
19691
19695
19696
19702
19703
19705
19706
19707
19709
19710
19720
19721
19723
19727
19728
19731
19732
19735
19738
19742
19745
19750
19755
19757
19758
19759
19765
19766
19767
19777
19779
19782
19784
19785
19786
19788
19799
19800
19801
19802
19805
19808
19809
19810
19814
19815
19817
19823
19826
19827
19828
19830
19831
19832
19835
19838
19839
19841
19846
19849
19851
19862
19863
19865
19866
19867
19878
19879
19880
19885
19887
19893
19894
19895
19898
19901
19903
19909
19912
19921
19926
19928
19934
19937
19939
19945
19946
19952
19953
19954
19955
19956
19961
19962
19965
19966
19969
19970
19975
19977
19978
19981
19982
19984
19987
19989
19990
19991
19993
19997
19999
20000
20002
20005
20007
20009
20013
20014
20016
20017
20019
20022
20030
20032
20035
20037
20038
20039
20041
20047
20048
20050
20051
20054
20055
20056
20057
20060
20062
20063
20067
20074
20076
20078
20081
20082
20083
20084
20091
20093
20096
20097
20099
20101
20102
20104
20106
20107
20110
20111
20112
20116
20117
20120
20121
20124
20125
20127
20128
20133
20137
20138
20139
20146
20147
20150
20152
20153
20157
20165
20168
20169
20172
20174
20178
20181
20182
20183
20184
20185
20186
20187
20194
20195
20196
20197
20198
20201
20203
20204
20205
20215
20217
20227
20228
20229
20233
20234
20236
20237
20238
20240
20241
20244
20247
20249
20250
20255
20258
20259
20263
20264
20265
20269
20271
20272
20273
20275
20276
20277
20280
20281
20282
20283
20284
20285
20286
20288
20289
20291
20292
20294
20295
20299
20300
20301
20302
20305
20307
20310
20311
20314
20319
20321
20322
20324
20327
20330
20333
20339
20342
20343
20344
20345
20349
20350
20351
20352
20353
20354
20355
20357
20358
20363
20364
20365
20371
20372
20373
20374
20381
20383
20385
20386
20387
20394
20395
20396
20400
20401
20402
20403
20409
20411
20412
20414
20415
20418
20419
20420
20424
20428
20435
20445
20448
20450
20455
20458
20459
20462
20463
20464
20468
20469
20471
20476
20477
20478
20481
20482
20483
20484
20486
20487
20491
20492
20494
20496
20500
20501
20502
20504
20507
20508
20513
20516
20517
20518
20522
20523
20526
20527
20534
20537
20538
20540
20542
20548
20553
20555
20557
20560
20561
20562
20563
20565
20568
20570
20571
20572
20573
20574
20582
20587
20589
20591
20593
20594
20596
20597
20598
20603
20605
20607
20609
20610
20612
20613
20614
20616
20617
20624
20626
20627
20629
20632
20635
20636
20637
20641
20643
20646
20649
20652
20653
20654
20655
20657
20658
20660
20662
20663
20664
20667
20669
20672
20673
20675
20676
20683
20684
20688
20692
20700
20703
20704
20705
20706
20708
20714
20715
20718
20720
20721
20723
20730
20731
20733
20735
20737
20738
20743
20748
20756
20760
20763
20767
20769
20770
20773
20776
20777
20778
20779
20780
20781
20783
20785
20787
20788
20791
20792
20794
20798
20804
20805
20807
20808
20816
20823
20825
20826
20831
20835
20837
20838
20842
20844
20846
20847
20860
20863
20865
20869
20874
20876
20877
20882
20884
20889
20891
20892
20893
20894
20897
20898
20899
20900
20902
20908
20909
20911
20913
20914
20915
20920
20922
20923
20937
20939
20940
20943
20948
20950
20951
20952
20959
20961
20962
20966
20970
20973
20976
20980
20981
20983
20987
20989
20990
20993
20994
20996
20998
21004
21011
21012
21014
21016
21018
21019
21020
21021
21025
21027
21028
21029
21033
21039
21043
21047
21049
21050
21051
21054
21058
21061
21065
21067
21068
21071
21074
21079
21086
21089
21090
21091
21092
21094
21095
21096
21101
21103
21105
21108
21109
21114
21119
21120
21121
21122
21123
21124
21126
21132
21133
21136
21139
21142
21144
21148
21149
21160
21164
21165
21171
21172
21175
21176
21177
21178
21179
21183
21184
21187
21190
21191
21192
21194
21200
21203
21206
21207
21208
21209
21211
21213
21216
21217
21220
21221
21222
21224
21226
21231
21233
21236
21240
21246
21248
21249
21251
21253
21254
21260
21262
21264
21266
21268
21273
21274
21276
21277
21279
21280
21283
21286
21287
21289
21291
21292
21297
21298
21300
21301
21309
21314
21315
21317
21320
21322
21323
21324
21325
21326
21327
21329
21334
21338
21339
21340
21341
21342
21344
21345
21346
21348
21350
21352
21353
21358
21359
21360
21361
21363
21364
21368
21369
21375
21376
21382
21383
21385
21386
21388
21392
21393
21394
21397
21399
21401
21403
21407
21410
21411
21413
21415
21419
21421
21423
21424
21425
21426
21431
21432
21433
21445
21448
21449
21453
21455
21461
21462
21468
21474
21475
21478
21480
21481
21485
21489
21492
21494
21495
21496
21499
21500
21502
21503
21506
21509
21510
21511
21512
21514
21516
21519
21520
21523
21524
21525
21533
21535
21536
21538
21540
21541
21543
21546
21548
21549
21550
21556
21557
21561
21562
21563
21569
21571
21572
21573
21574
21575
21577
21578
21584
21586
21588
21589
21592
21593
21596
21599
21610
21613
21614
21616
21618
21626
21629
21633
21641
21643
21648
21650
21652
21653
21655
21658
21660
21662
21665
21670
21671
21674
21677
21678
21681
21685
21693
21694
21695
21698
21699
21700
21701
21707
21708
21709
21711
21712
21713
21722
21723
21725
21729
21730
21731
21734
21735
21736
21737
21738
21741
21746
21747
21748
21749
21751
21753
21754
21756
21758
21760
21763
21764
21765
21771
21772
21773
21777
21780
21781
21787
21789
21791
21792
21793
21796
21801
21802
21804
21813
21814
21817
21820
21821
21822
21823
21824
21825
21827
21828
21829
21830
21831
21834
21836
21837
21848
21851
21853
21854
21855
21856
21861
21863
21865
21869
21873
21874
21876
21882
21883
21884
21885
21887
21888
21893
21902
21905
21907
21908
21914
21917
21919
21923
21925
21927
21931
21933
21937
21938
21939
21941
21942
21950
21952
21955
21962
21965
21967
21968
21969
21970
21974
21976
21977
21979
21981
21984
21986
21988
21997
22001
22005
22009
22013
22014
22015
22017
22025
22027
22029
22044
22053
22055
22056
22058
22061
22062
22064
22069
22070
22073
22074
22075
22077
22079
22084
22086
22088
22089
22091
22093
22095
22098
22100
22103
22108
22109
22110
22112
22113
22117
22119
22124
22125
22132
22133
22135
22136
22138
22139
22140
22141
22143
22146
22152
22157
22158
22160
22161
22167
22171
22173
22176
22178
22181
22187
22188
22190
22191
22195
22197
22199
22202
22204
22213
22215
22217
22218
22219
22221
22226
22228
22231
22232
22237
22238
22243
22246
22248
22253
22257
22258
22260
22261
22264
22267
22269
22270
22271
22273
22275
22277
22279
22280
22291
22293
22294
22297
22300
22303
22306
22308
22310
22311
22313
22315
22317
22326
22327
22330
22333
22335
22336
22338
22339
22345
22346
22347
22348
22350
22356
22357
22358
22363
22369
22371
22372
22377
22380
22382
22385
22387
22390
22394
22397
22400
22405
22411
22413
22414
22415
22416
22417
22423
22424
22425
22433
22436
22439
22441
22442
22444
22445
22446
22448
22453
22455
22459
22460
22464
22466
22474
22479
22482
22485
22486
22487
22489
22490
22491
22494
22495
22500
22501
22503
22506
22507
22509
22510
22516
22517
22520
22522
22526
22528
22536
22539
22542
22545
22549
22551
22553
22554
22557
22558
22562
22563
22565
22570
22571
22572
22575
22577
22580
22582
22587
22589
22590
22592
22595
22598
22601
22603
22604
22605
22608
22609
22610
22612
22615
22622
22624
22625
22627
22628
22630
22631
22636
22638
22643
22644
22648
22649
22650
22654
22657
22665
22668
22670
22671
22674
22678
22683
22685
22688
22691
22695
22698
22699
22700
22701
22702
22703
22707
22710
22711
22712
22713
22716
22717
22718
22721
22722
22726
22727
22731
22735
22736
22737
22740
22741
22744
22745
22746
22747
22751
22753
22756
22759
22762
22763
22766
22769
22771
22774
22776
22780
22784
22786
22788
22794
22796
22799
22804
22808
22812
22813
22814
22818
22819
22823
22827
22828
22829
22831
22836
22839
22840
22845
22849
22850
22856
22858
22861
22862
22867
22870
22871
22875
22878
22880
22892
22904
22906
22909
22910
22911
22912
22913
22915
22920
22921
22922
22923
22924
22926
22927
22928
22930
22934
22937
22938
22939
22942
22944
22948
22949
22950
22956
22958
22965
22966
22967
22975
22976
22979
22980
22982
22983
22984
22985
22986
22990
22991
22993
22995
22996
22999
23000
23002
23003
23004
23005
23006
23012
23014
23019
23026
23028
23030
23033
23039
23041
23042
23047
23049
23052
23053
23054
23058
23059
23060
23063
23065
23067
23069
23072
23074
23077
23082
23083
23085
23087
23089
23090
23092
23098
23099
23100
23102
23103
23106
23107
23108
23109
23113
23115
23116
23118
23120
23123
23124
23127
23128
23134
23135
23137
23138
23140
23141
23146
23147
23149
23150
23153
23154
23158
23159
23160
23161
23163
23168
23169
23170
23173
23175
23176
23178
23184
23185
23186
23191
23192
23195
23196
23197
23200
23203
23208
23210
23219
23222
23223
23226
23231
23233
23234
23235
23238
23240
23241
23244
23245
23248
23250
23252
23253
23256
23261
23263
23265
23266
23268
23270
23274
23275
23276
23277
23281
23284
23287
23288
23291
23294
23295
23299
23302
23303
23304
23307
23308
23309
23311
23312
23313
23314
23317
23320
23321
23325
23326
23327
23329
23331
23335
23336
23337
23338
23345
23347
23350
23351
23352
23354
23356
23358
23359
23364
23369
23370
23372
23375
23376
23379
23380
23381
23382
23383
23384
23385
23386
23388
23391
23394
23396
23400
23402
23405
23406
23409
23411
23412
23414
23415
23416
23418
23421
23422
23423
23425
23426
23427
23428
23429
23433
23434
23441
23442
23443
23444
23447
23448
23449
23450
23453
23455
23457
23462
23463
23464
23470
23471
23482
23488
23489
23491
23493
23494
23495
23497
23501
23505
23509
23514
23515
23521
23528
23531
23535
23538
23542
23544
23548
23550
23553
23554
23555
23557
23560
23562
23563
23564
23567
23573
23575
23576
23578
23580
23581
23583
23584
23586
23587
23589
23591
23595
23597
23598
23599
23602
23605
23614
23616
23618
23620
23621
23622
23626
23628
23629
23632
23633
23639
23644
23647
23655
23656
23657
23660
23661
23664
23665
23668
23680
23682
23683
23685
23687
23689
23691
23695
23697
23699
23702
23703
23704
23709
23710
23711
23720
23723
23724
23732
23733
23739
23743
23750
23753
23759
23761
23762
23766
23769
23771
23772
23776
23788
23789
23791
23792
23793
23795
23799
23800
23801
23804
23813
23814
23815
23816
23817
23819
23822
23825
23833
23836
23838
23839
23840
23843
23844
23845
23846
23850
23852
23858
23860
23861
23865
23866
23867
23868
23872
23876
23881
23882
23888
23889
23891
23894
23896
23899
23900
23904
23906
23908
23909
23911
23912
23914
23915
23916
23918
23920
23921
23924
23925
23929
23934
23937
23940
23941
23944
23950
23954
23955
23957
23959
23963
23975
23977
23978
23979
23981
23983
23984
23986
23988
23989
23992
23993
23996
23998
24000
24004
24005
24008
24015
24016
24022
24024
24025
24026
24027
24028
24029
24030
24031
24032
24037
24038
24039
24048
24050
24053
24059
24062
24064
24065
24075
24086
24087
24088
24102
24108
24114
24116
24117
24119
24125
24126
24128
24129
24132
24135
24138
24139
24140
24144
24146
24148
24153
24154
24155
24160
24162
24164
24166
24171
24174
24176
24177
24181
24184
24185
24186
24191
24192
24193
24194
24200
24201
24207
24208
24209
24213
24214
24215
24216
24218
24221
24222
24225
24228
24229
24231
24234
24235
24238
24240
24242
24246
24247
24250
24253
24257
24259
24262
24267
24270
24273
24274
24275
24278
24280
24284
24288
24290
24293
24294
24295
24296
24297
24304
24307
24308
24309
24310
24315
24317
24319
24321
24322
24323
24328
24329
24330
24332
24338
24339
24340
24341
24343
24347
24348
24349
24355
24356
24359
24360
24368
24369
24370
24374
24375
24380
24382
24383
24385
24387
24389
24398
24400
24401
24403
24409
24410
24411
24412
24422
24423
24426
24429
24430
24432
24433
24434
24436
24440
24441
24442
24443
24444
24446
24449
24450
24453
24456
24457
24458
24459
24467
24475
24477
24479
24486
24488
24490
24491
24496
24498
24499
24501
24503
24505
24506
24508
24515
24516
24523
24527
24528
24531
24536
24537
24540
24546
24550
24552
24553
24557
24559
24560
24562
24563
24567
24571
24574
24577
24579
24585
24589
24590
24591
24592
24595
24596
24600
24603
24604
24606
24607
24611
24613
24616
24617
24618
24621
24625
24628
24630
24631
24633
24636
24637
24638
24639
24641
24646
24651
24652
24656
24657
24660
24664
24665
24666
24668
24670
24672
24673
24674
24683
24684
24686
24687
24688
24690
24693
24695
24701
24703
24704
24705
24710
24712
24713
24716
24722
24723
24727
24731
24735
24736
24737
24745
24746
24749
24750
24753
24757
24763
24764
24765
24767
24768
24771
24773
24782
24784
24786
24794
24796
24798
24800
24801
24804
24806
24808
24813
24818
24819
24820
24822
24823
24824
24827
24829
24830
24835
24842
24847
24849
24851
24855
24860
24862
24865
24866
24867
24870
24874
24876
24878
24879
24886
24891
24893
24895
24896
24898
24900
24901
24903
24904
24906
24907
24915
24917
24921
24922
24923
24925
24931
24932
24933
24934
24936
24939
24947
24948
24949
24950
24951
24957
24958
24960
24973
24976
24980
24982
24983
24985
24986
24991
24992
24994
24997
24999
25000
25005
25006
25009
25015
25018
25019
25023
25029
25030
25032
25036
25038
25039
25041
25046
25049
25050
25051
25054
25061
25064
25070
25073
25074
25077
25078
25093
25095
25102
25104
25107
25108
25109
25110
25111
25116
25117
25124
25125
25126
25134
25136
25139
25140
25142
25143
25144
25145
25149
25151
25155
25156
25157
25158
25159
25165
25168
25169
25173
25174
25179
25180
25184
25185
25187
25188
25189
25195
25199
25201
25207
25208
25209
25210
25211
25212
25213
25214
25220
25221
25224
25225
25226
25227
25230
25234
25236
25238
25242
25245
25253
25254
25255
25256
25257
25258
25259
25261
25270
25272
25276
25291
25292
25294
25296
25298
25299
25300
25302
25316
25327
25329
25332
25333
25334
25335
25336
25339
25342
25344
25347
25351
25353
25354
25357
25358
25361
25363
25366
25368
25371
25376
25377
25378
25380
25383
25384
25385
25388
25391
25393
25395
25400
25401
25402
25404
25405
25406
25407
25415
25418
25426
25432
25433
25434
25435
25437
25442
25444
25447
25450
25456
25457
25466
25468
25469
25470
25472
25475
25476
25479
25480
25482
25483
25486
25490
25492
25494
25496
25498
25503
25507
25508
25509
25513
25514
25517
25525
25527
25528
25529
25531
25533
25534
25535
25536
25537
25538
25542
25545
25546
25547
25548
25550
25555
25560
25565
25567
25571
25575
25578
25580
25583
25585
25586
25595
25596
25597
25599
25604
25605
25607
25609
25610
25613
25616
25619
25624
25626
25628
25629
25630
25631
25633
25634
25635
25636
25638
25640
25641
25644
25645
25648
25649
25650
25652
25656
25663
25672
25675
25678
25680
25681
25684
25687
25690
25694
25695
25696
25697
25698
25701
25702
25703
25706
25707
25708
25712
25719
25720
25723
25726
25728
25729
25737
25740
25742
25743
25745
25751
25756
25760
25761
25762
25766
25767
25771
25772
25773
25777
25783
25785
25787
25788
25792
25794
25798
25800
25801
25803
25805
25806
25807
25808
25809
25811
25812
25814
25815
25817
25819
25823
25824
25827
25828
25830
25834
25837
25841
25844
25845
25849
25851
25856
25864
25865
25866
25868
25869
25870
25874
25879
25880
25884
25891
25892
25894
25903
25907
25914
25915
25917
25918
25932
25935
25936
25939
25940
25941
25947
25948
25950
25951
25952
25956
25958
25963
25964
25967
25970
25971
25974
25980
25981
25983
25984
25986
25988
25989
25991
25992
25993
25994
25997
25998
26001
26006
26013
26014
26017
26019
26022
26023
26025
26026
26029
26031
26032
26036
26037
26041
26045
26046
26047
26048
26051
26055
26056
26057
26059
26063
26067
26071
26075
26087
26089
26090
26093
26094
26095
26098
26107
26108
26109
26113
26114
26115
26116
26121
26124
26128
26129
26132
26133
26134
26141
26143
26146
26147
26148
26152
26153
26155
26160
26166
26167
26168
26169
26170
26171
26172
26173
26175
26178
26179
26184
26185
26187
26188
26193
26194
26197
26198
26199
26206
26207
26209
26211
26213
26214
26216
26223
26224
26225
26226
26227
26228
26232
26236
26237
26239
26240
26242
26244
26245
26247
26251
26258
26259
26260
26261
26262
26263
26268
26269
26273
26274
26275
26276
26278
26281
26283
26287
26290
26291
26293
26294
26295
26302
26309
26312
26313
26315
26316
26318
26326
26327
26332
26334
26344
26345
26346
26350
26351
26353
26354
26356
26360
26365
26366
26368
26369
26373
26375
26376
26377
26378
26380
26381
26388
26389
26392
26393
26395
26397
26398
26399
26401
26402
26403
26406
26416
26419
26421
26423
26426
26430
26431
26434
26435
26436
26438
26442
26445
26446
26449
26451
26452
26454
26465
26469
26472
26479
26482
26483
26485
26486
26488
26489
26490
26491
26492
26493
26500
26505
26508
26509
26511
26513
26516
26518
26520
26521
26522
26523
26526
26527
26530
26539
26541
26542
26544
26547
26558
26559
26560
26569
26570
26574
26575
26578
26579
26581
26582
26584
26586
26587
26588
26591
26592
26594
26595
26596
26599
26600
26603
26605
26607
26608
26611
26613
26615
26620
26623
26627
26628
26629
26631
26633
26635
26638
26639
26641
26657
26658
26660
26670
26671
26675
26676
26679
26680
26682
26686
26691
26692
26693
26701
26705
26711
26712
26714
26715
26716
26717
26721
26723
26726
26727
26729
26737
26741
26742
26747
26748
26749
26755
26758
26767
26772
26773
26780
26781
26783
26784
26785
26787
26788
26791
26794
26798
26808
26809
26816
26819
26820
26821
26823
26825
26831
26835
26836
26838
26839
26840
26844
26846
26847
26849
26850
26856
26857
26861
26863
26864
26866
26868
26869
26872
26874
26875
26876
26880
26886
26887
26888
26895
26898
26899
26903
26904
26906
26913
26914
26916
26917
26918
26919
26921
26923
26924
26927
26928
26930
26931
26936
26939
26941
26944
26953
26955
26956
26958
26959
26961
26962
26963
26965
26967
26971
26973
26977
26980
26981
26983
26986
26991
26993
26994
26995
26998
26999
27003
27004
27005
27006
27012
27019
27020
27021
27023
27024
27025
27027
27029
27030
27031
27038
27041
27044
27046
27047
27049
27050
27055
27058
27061
27062
27064
27067
27069
27070
27074
27076
27079
27083
27087
27089
27090
27091
27093
27095
27096
27097
27098
27100
27101
27102
27103
27108
27110
27111
27117
27121
27122
27123
27125
27127
27128
27129
27130
27133
27134
27137
27139
27140
27143
27145
27146
27149
27151
27152
27157
27158
27161
27162
27165
27166
27167
27169
27170
27172
27173
27174
27176
27180
27186
27187
27188
27190
27196
27197
27198
27212
27213
27215
27216
27219
27222
27223
27226
27230
27232
27233
27236
27238
27240
27243
27244
27246
27251
27254
27255
27257
27258
27262
27263
27266
27267
27268
27270
27271
27272
27273
27277
27278
27282
27283
27284
27291
27293
27296
27299
27300
27310
27311
27315
27316
27319
27323
27324
27326
27328
27329
27330
27331
27339
27340
27341
27345
27346
27350
27353
27354
27355
27357
27358
27359
27361
27362
27364
27368
27369
27370
27372
27373
27377
27379
27380
27382
27384
27387
27397
27398
27399
27406
27409
27410
27412
27417
27418
27421
27423
27424
27427
27430
27431
27433
27434
27435
27436
27438
27443
27444
27445
27446
27448
27449
27454
27456
27459
27460
27461
27462
27464
27465
27467
27469
27471
27472
27476
27477
27478
27479
27487
27491
27493
27496
27498
27501
27505
27507
27509
27513
27516
27521
27522
27523
27525
27526
27527
27529
27531
27533
27536
27537
27539
27540
27542
27543
27547
27548
27554
27555
27557
27559
27561
27565
27566
27572
27573
27577
27579
27585
27586
27588
27590
27597
27599
27605
27609
27610
27611
27612
27614
27616
27617
27618
27622
27626
27631
27634
27635
27640
27644
27645
27652
27653
27655
27659
27660
27661
27662
27664
27666
27667
27668
27672
27675
27678
27680
27684
27686
27689
27690
27691
27692
27693
27694
27696
27699
27700
27702
27706
27707
27711
27713
27714
27715
27716
27717
27718
27721
27724
27727
27729
27732
27733
27734
27737
27739
27742
27743
27746
27747
27748
27750
27763
27769
27772
27773
27776
27777
27779
27785
27787
27791
27794
27797
27799
27801
27802
27804
27805
27807
27808
27810
27812
27815
27819
27825
27826
27829
27831
27832
27834
27840
27842
27843
27845
27846
27848
27853
27860
27862
27863
27865
27866
27868
27869
27872
27876
27878
27880
27884
27889
27891
27893
27894
27898
27899
27900
27906
27909
27910
27911
27912
27913
27915
27918
27920
27921
27922
27924
27926
27927
27929
27930
27931
27933
27937
27946
27948
27949
27952
27958
27959
27960
27963
27964
27965
27967
27968
27969
27972
27974
27975
27979
27981
27984
27986
27988
27989
27994
27996
27998
28002
28003
28004
28006
28007
28010
28011
28016
28017
28019
28020
28024
28025
28026
28031
28037
28040
28042
28043
28045
28046
28047
28048
28054
28056
28058
28059
28060
28062
28063
28066
28069
28070
28075
28076
28077
28078
28082
28083
28085
28086
28087
28089
28095
28101
28106
28108
28112
28113
28116
28117
28123
28124
28125
28131
28135
28137
28140
28141
28143
28144
28145
28148
28150
28151
28152
28154
28155
28157
28158
28163
28164
28167
28168
28169
28170
28172
28175
28177
28178
28179
28183
28186
28188
28193
28195
28197
28199
28201
28204
28205
28208
28210
28212
28214
28220
28221
28224
28227
28230
28232
28234
28236
28237
28238
28240
28241
28242
28247
28251
28262
28264
28265
28266
28268
28275
28277
28280
28281
28283
28284
28285
28288
28291
28292
28293
28297
28300
28301
28305
28306
28307
28308
28310
28311
28315
28318
28319
28321
28323
28326
28327
28329
28330
28331
28334
28341
28345
28346
28353
28356
28357
28359
28363
28364
28365
28366
28371
28373
28375
28377
28382
28385
28387
28399
28401
28402
28406
28407
28410
28413
28419
28421
28422
28424
28425
28427
28428
28436
28443
28452
28457
28459
28460
28461
28463
28465
28468
28469
28471
28472
28474
28475
28484
28488
28490
28494
28498
28500
28501
28502
28503
28505
28506
28508
28510
28511
28512
28516
28517
28518
28519
28520
28522
28523
28528
28534
28535
28540
28541
28542
28543
28544
28548
28549
28551
28554
28555
28560
28562
28572
28574
28578
28579
28580
28582
28585
28590
28591
28592
28595
28596
28598
28599
28601
28604
28606
28608
28610
28612
28615
28620
28623
28625
28627
28629
28634
28635
28636
28638
28639
28640
28641
28645
28647
28651
28652
28654
28656
28659
28661
28662
28664
28665
28666
28669
28670
28672
28675
28679
28682
28683
28686
28688
28690
28692
28693
28694
28696
28700
28702
28705
28706
28707
28711
28715
28717
28720
28725
28727
28730
28733
28737
28739
28740
28743
28747
28748
28754
28756
28757
28758
28759
28762
28763
28764
28765
28766
28771
28772
28773
28776
28777
28780
28782
28783
28784
28785
28788
28791
28793
28795
28797
28798
28799
28800
28804
28805
28806
28808
28809
28811
28812
28813
28814
28816
28817
28821
28822
28823
28824
28825
28828
28830
28832
28834
28836
28841
28842
28853
28858
28859
28860
28861
28862
28863
28865
28866
28867
28869
28870
28871
28874
28876
28884
28885
28888
28889
28890
28892
28894
28897
28899
28900
28901
28903
28905
28907
28910
28917
28919
28920
28923
28924
28925
28927
28929
28935
28936
28938
28944
28952
28954
28955
28958
28961
28963
28964
28965
28966
28968
28970
28972
28973
28978
28980
28983
28985
28986
28990
28991
28995
28997
28998
28999
29001
29003
29004
29005
29008
29010
29012
29014
29016
29018
29019
29020
29023
29024
29025
29028
29030
29031
29032
29035
29038
29039
29040
29042
29044
29046
29052
29053
29056
29057
29058
29060
29066
29067
29068
29069
29070
29071
29072
29075
29076
29077
29078
29080
29082
29084
29085
29086
29088
29090
29092
29098
29100
29107
29110
29112
29114
29115
29121
29125
29127
29131
29132
29135
29137
29141
29145
29148
29149
29150
29153
29155
29156
29157
29159
29166
29170
29171
29176
29177
29180
29182
29183
29189
29190
29191
29192
29196
29197
29198
29200
29201
29202
29206
29215
29216
29220
29225
29227
29230
29231
29233
29235
29236
29238
29240
29242
29248
29250
29252
29255
29258
29260
29266
29267
29270
29271
29273
29275
29277
29281
29285
29288
29294
29299
29301
29304
29305
29307
29311
29316
29317
29319
29321
29322
29323
29326
29328
29329
29330
29332
29334
29335
29338
29339
29341
29343
29345
29346
29347
29348
29350
29360
29361
29365
29366
29367
29368
29369
29374
29376
29378
29382
29383
29384
29385
29386
29390
29391
29393
29394
29397
29401
29403
29406
29409
29410
29411
29412
29413
29414
29415
29418
29420
29421
29424
29426
29429
29430
29432
29433
29435
29436
29437
29439
29441
29450
29451
29453
29454
29457
29458
29459
29460
29462
29463
29464
29467
29469
29472
29473
29474
29475
29478
29480
29482
29486
29487
29489
29490
29491
29492
29493
29494
29495
29498
29502
29503
29504
29510
29511
29512
29514
29520
29523
29524
29525
29526
29529
29531
29532
29533
29535
29537
29538
29540
29541
29543
29544
29546
29547
29550
29551
29553
29556
29559
29561
29562
29566
29569
29571
29574
29575
29579
29580
29582
29583
29584
29585
29586
29588
29590
29597
29599
29603
29604
29605
29611
29613
29614
29615
29618
29620
29623
29624
29626
29632
29633
29638
29641
29644
29652
29653
29656
29658
29664
29666
29668
29669
29672
29675
29684
29688
29691
29692
29694
29696
29697
29699
29700
29703
29704
29705
29707
29710
29712
29714
29715
29719
29720
29723
29724
29726
29729
29732
29733
29734
29736
29738
29740
29741
29742
29744
29748
29750
29751
29754
29756
29757
29758
29760
29762
29763
29764
29766
29767
29771
29772
29780
29788
29789
29790
29794
29795
29796
29799
29800
29801
29802
29807
29809
29813
29814
29815
29816
29819
29823
29825
29828
29832
29833
29835
29838
29846
29848
29851
29852
29861
29862
29863
29864
29865
29866
29867
29868
29871
29874
29881
29885
29886
29887
29894
29897
29906
29907
29911
29912
29915
29918
29921
29923
29925
29928
29929
29943
29952
29955
29956
29958
29964
29965
29966
29967
29971
29972
29975
29976
29978
29980
29981
29987
29992
29993
29997
29998
29999
30000
30002
30003
30005
30014
30018
30021
30022
30024
30028
30032
30033
30037
30038
30041
30042
30044
30051
30052
30054
30056
30063
30064
30068
30071
30075
30077
30078
30081
30084
30086
30089
30090
30091
30095
30098
30102
30104
30107
30111
30115
30120
30122
30139
30141
30143
30144
30148
30151
30156
30159
30161
30162
30163
30164
30166
30173
30175
30178
30182
30183
30186
30188
30190
30192
30200
30203
30205
30208
30212
30213
30216
30222
30226
30228
30229
30230
30235
30240
30242
30243
30245
30251
30252
30258
30260
30262
30263
30264
30266
30267
30268
30270
30273
30274
30279
30281
30284
30287
30288
30296
30298
30299
30301
30306
30307
30309
30310
30311
30314
30315
30318
30319
30322
30326
30327
30328
30339
30340
30341
30343
30344
30349
30350
30353
30354
30355
30356
30358
30366
30369
30370
30371
30376
30377
30381
30385
30386
30387
30393
30394
30395
30401
30408
30410
30411
30412
30413
30414
30417
30426
30427
30428
30431
30433
30434
30437
30438
30440
30442
30445
30448
30453
30455
30457
30458
30463
30464
30468
30469
30473
30479
30488
30492
30494
30495
30497
30498
30502
30503
30511
30512
30515
30517
30520
30522
30523
30524
30525
30526
30528
30530
30533
30537
30541
30543
30548
30549
30552
30553
30556
30557
30558
30560
30567
30568
30569
30572
30575
30576
30578
30581
30585
30589
30590
30592
30596
30597
30602
30603
30604
30607
30608
30609
30610
30611
30612
30613
30614
30619
30621
30622
30623
30624
30627
30631
30635
30640
30641
30642
30646
30647
30650
30651
30653
30657
30659
30661
30662
30663
30671
30672
30674
30676
30677
30683
30688
30690
30693
30694
30696
30697
30698
30700
30705
30706
30707
30711
30712
30717
30720
30723
30725
30726
30727
30733
30734
30735
30739
30741
30742
30744
30749
30752
30755
30760
30770
30771
30772
30773
30774
30775
30782
30791
30794
30795
30796
30800
30803
30806
30808
30809
30811
30814
30818
30819
30821
30823
30829
30830
30838
30839
30840
30851
30852
30854
30856
30858
30860
30862
30870
30874
30876
30881
30882
30883
30884
30886
30890
30893
30897
30900
30902
30904
30907
30909
30913
30914
30915
30918
30919
30923
30924
30927
30928
30929
30932
30934
30935
30937
30942
30943
30944
30945
30946
30947
30948
30952
30954
30955
30956
30960
30961
30962
30964
30970
30971
30972
30974
30976
30978
30980
30981
30984
30987
30988
30990
30991
30992
30993
30994
30995
30997
30998
31000
31001
31003
31004
31005
31007
31008
31010
31012
31017
31019
31020
31023
31024
31025
31027
31028
31031
31033
31035
31038
31040
31041
31042
31043
31044
31045
31046
31048
31050
31059
31061
31064
31067
31068
31072
31078
31084
31088
31090
31091
31097
31098
31099
31101
31103
31107
31109
31111
31114
31115
31116
31120
31121
31122
31123
31124
31127
31128
31130
31131
31134
31135
31138
31143
31147
31148
31150
31155
31156
31157
31158
31159
31160
31164
31165
31167
31168
31170
31171
31177
31188
31189
31192
31193
31195
31197
31201
31202
31204
31211
31212
31224
31225
31226
31227
31239
31241
31247
31248
31252
31253
31254
31255
31256
31258
31262
31267
31269
31270
31274
31275
31276
31280
31282
31285
31286
31287
31291
31293
31294
31296
31297
31300
31303
31305
31306
31311
31312
31313
31314
31317
31321
31323
31325
31326
31329
31330
31331
31332
31333
31335
31336
31337
31339
31344
31345
31346
31348
31350
31351
31354
31356
31361
31362
31365
31368
31370
31375
31378
31380
31381
31382
31384
31386
31392
31393
31398
31399
31400
31403
31410
31411
31414
31419
31421
31422
31425
31429
31430
31434
31441
31448
31450
31453
31454
31457
31458
31460
31462
31463
31464
31465
31467
31468
31469
31470
31472
31476
31478
31480
31481
31482
31492
31497
31498
31499
31505
31506
31508
31510
31511
31514
31515
31518
31520
31524
31526
31528
31529
31533
31537
31539
31540
31544
31545
31552
31554
31555
31558
31563
31564
31565
31567
31569
31570
31571
31572
31574
31576
31579
31581
31584
31586
31587
31588
31590
31591
31592
31594
31595
31596
31597
31599
31600
31601
31607
31609
31613
31620
31622
31623
31634
31635
31636
31638
31640
31641
31645
31646
31652
31654
31655
31656
31658
31659
31662
31663
31664
31667
31671
31673
31674
31678
31679
31680
31681
31682
31688
31690
31691
31692
31696
31702
31703
31704
31709
31713
31714
31716
31720
31721
31722
31730
31732
31733
31735
31737
31738
31739
31745
31746
31753
31756
31758
31760
31769
31776
31779
31780
31782
31783
31788
31789
31791
31793
31794
31796
31797
31801
31802
31803
31809
31812
31813
31818
31820
31822
31823
31824
31826
31830
31833
31836
31839
31841
31843
31844
31845
31846
31849
31850
31855
31857
31859
31862
31864
31870
31874
31882
31883
31885
31887
31888
31895
31899
31900
31901
31902
31910
31913
31915
31919
31920
31922
31930
31935
31937
31938
31939
31944
31952
31957
31961
31967
31973
31978
31986
31987
31989
31990
31991
31992
31993
31995
31998
32002
32004
32005
32009
32012
32015
32018
32019
32027
32028
32034
32035
32040
32043
32045
32046
32048
32058
32061
32069
32070
32071
32072
32083
32087
32089
32091
32095
32096
32098
32107
32108
32109
32110
32113
32114
32115
32116
32117
32118
32119
32120
32121
32122
32123
32125
32130
32133
32135
32136
32137
32139
32141
32142
32143
32149
32151
32156
32159
32160
32163
32164
32166
32167
32168
32170
32171
32172
32173
32177
32178
32180
32183
32185
32188
32190
32192
32197
32200
32201
32211
32213
32214
32215
32217
32220
32222
32225
32227
32231
32233
32234
32235
32243
32245
32249
32251
32253
32255
32259
32261
32264
32266
32268
32272
32277
32278
32281
32282
32284
32285
32287
32288
32295
32296
32298
32299
32300
32305
32311
32312
32314
32315
32316
32322
32323
32325
32326
32327
32330
32336
32342
32344
32354
32356
32358
32370
32371
32373
32375
32377
32380
32382
32383
32390
32392
32393
32394
32395
32399
32403
32404
32406
32412
32413
32414
32415
32416
32424
32426
32427
32430
32433
32434
32436
32437
32441
32442
32443
32447
32449
32450
32452
32453
32454
32456
32457
32460
32461
32462
32464
32465
32466
32467
32469
32475
32478
32483
32487
32488
32495
32496
32499
32502
32507
32509
32513
32514
32519
32525
32527
32528
32530
32532
32533
32536
32539
32541
32542
32543
32551
32552
32556
32560
32562
32563
32567
32568
32570
32571
32572
32573
32574
32575
32577
32580
32581
32582
32583
32586
32588
32598
32600
32601
32603
32614
32615
32616
32619
32625
32635
32638
32639
32640
32641
32642
32644
32646
32647
32654
32658
32660
32661
32674
32678
32682
32683
32686
32688
32689
32690
32697
32701
32703
32707
32708
32710
32711
32712
32716
32717
32719
32720
32722
32725
32726
32729
32730
32731
32732
32733
32734
32735
32738
32748
32750
32754
32757
32761
32764
32765
32767
32768
32769
32771
32775
32777
32779
32784
32785
32788
32789
32792
32793
32794
32795
32803
32806
32811
32812
32819
32821
32824
32828
32829
32830
32831
32833
32837
32839
32843
32844
32853
32855
32857
32858
32859
32861
32869
32872
32881
32882
32890
32891
32896
32898
32901
32903
32907
32910
32912
32913
32915
32916
32918
32919
32920
32924
32926
32928
32930
32933
32935
32937
32939
32942
32944
32947
32949
32960
32964
32966
32968
32969
32971
32972
32973
32978
32979
32983
32987
32988
32990
32992
32993
32998
32999
33004
33005
33007
33008
33013
33018
33020
33026
33030
33031
33036
33040
33041
33042
33050
33056
33059
33060
33061
33062
33063
33064
33065
33067
33069
33070
33071
33072
33077
33078
33079
33080
33081
33085
33090
33092
33097
33098
33099
33102
33104
33106
33107
33108
33110
33113
33117
33120
33122
33124
33125
33126
33127
33128
33131
33134
33136
33140
33141
33142
33143
33150
33152
33153
33156
33158
33159
33160
33161
33163
33166
33171
33172
33173
33175
33176
33180
33187
33188
33190
33191
33196
33200
33203
33205
33206
33208
33209
33211
33214
33216
33223
33224
33225
33226
33227
33231
33233
33234
33235
33236
33238
33243
33245
33247
33251
33252
33253
33254
33256
33259
33265
33267
33270
33271
33273
33276
33278
33279
33282
33285
33288
33289
33298
33299
33302
33304
33305
33310
33311
33313
33315
33317
33319
33320
33321
33323
33326
33330
33331
33332
33333
33337
33344
33346
33350
33352
33356
33359
33360
33363
33364
33365
33366
33370
33371
33375
33377
33387
33389
33394
33397
33398
33402
33404
33407
33410
33411
33412
33413
33414
33415
33417
33419
33420
33423
33424
33427
33429
33430
33432
33434
33435
33437
33438
33439
33444
33445
33446
33447
33450
33453
33454
33456
33457
33459
33462
33464
33465
33467
33468
33469
33471
33477
33479
33480
33481
33482
33483
33484
33485
33487
33489
33490
33491
33492
33493
33497
33498
33504
33506
33507
33510
33515
33521
33522
33523
33525
33526
33530
33533
33535
33537
33546
33554
33556
33558
33565
33567
33569
33571
33572
33573
33577
33578
33580
33583
33590
33594
33596
33599
33600
33607
33608
33611
33615
33616
33617
33619
33622
33623
33624
33626
33627
33630
33633
33634
33635
33636
33637
33638
33641
33642
33645
33649
33650
33651
33654
33663
33666
33671
33673
33674
33675
33679
33681
33683
33684
33687
33688
33689
33690
33693
33694
33696
33697
33702
33704
33706
33707
33708
33709
33710
33716
33717
33722
33725
33726
33727
33730
33731
33733
33737
33738
33740
33747
33749
33750
33751
33754
33755
33756
33758
33759
33760
33762
33771
33776
33777
33778
33779
33781
33784
33787
33788
33789
33790
33791
33794
33796
33798
33799
33800
33803
33804
33806
33818
33819
33822
33827
33831
33833
33834
33838
33842
33845
33847
33852
33854
33857
33859
33860
33861
33863
33865
33866
33867
33872
33874
33876
33880
33881
33883
33887
33897
33901
33906
33910
33911
33916
33920
33921
33925
33931
33932
33933
33937
33938
33944
33945
33946
33952
33958
33959
33960
33962
33963
33966
33969
33970
33973
33974
33977
33978
33980
33981
33982
33983
33987
33989
33992
33996
33998
33999
34001
34014
34015
34016
34017
34018
34021
34022
34025
34026
34028
34029
34031
34033
34041
34042
34045
34051
34054
34055
34056
34063
34064
34066
34071
34072
34079
34080
34084
34086
34088
34090
34094
34095
34098
34099
34100
34101
34104
34107
34110
34113
34114
34115
34125
34129
34132
34133
34138
34140
34142
34146
34147
34148
34149
34151
34157
34161
34162
34168
34169
34170
34171
34176
34179
34183
34184
34185
34188
34189
34191
34194
34196
34197
34198
34199
34200
34201
34204
34206
34207
34210
34211
34213
34214
34215
34216
34218
34219
34220
34223
34224
34229
34233
34236
34237
34238
34243
34245
34246
34249
34255
34256
34260
34261
34262
34266
34268
34269
34275
34278
34280
34281
34285
34289
34290
34295
34296
34297
34298
34300
34302
34303
34307
34308
34310
34312
34318
34325
34327
34332
34334
34336
34338
34340
34347
34348
34352
34357
34359
34360
34361
34369
34373
34380
34381
34384
34386
34387
34391
34397
34402
34403
34406
34407
34409
34410
34412
34414
34420
34421
34422
34423
34424
34425
34428
34433
34437
34438
34439
34441
34446
34447
34449
34451
34457
34464
34468
34469
34471
34476
34478
34479
34482
34486
34489
34491
34492
34493
34494
34497
34498
34500
34501
34502
34504
34509
34510
34514
34515
34520
34523
34525
34526
34527
34528
34529
34531
34536
34537
34539
34540
34541
34543
34544
34546
34554
34556
34561
34564
34565
34566
34569
34572
34575
34579
34581
34582
34584
34586
34587
34594
34596
34597
34599
34606
34610
34612
34613
34615
34617
34619
34620
34623
34629
34630
34633
34636
34639
34641
34642
34644
34652
34653
34656
34659
34660
34661
34665
34667
34673
34674
34680
34686
34687
34689
34690
34691
34695
34697
34699
34700
34701
34703
34704
34705
34709
34711
34712
34713
34714
34715
34717
34718
34721
34723
34728
34736
34737
34738
34742
34743
34744
34747
34752
34753
34756
34757
34759
34760
34764
34771
34775
34779
34782
34784
34787
34790
34794
34797
34799
34800
34802
34809
34810
34811
34813
34818
34820
34821
34822
34824
34827
34828
34829
34830
34832
34835
34836
34837
34839
34841
34847
34851
34852
34857
34859
34860
34864
34865
34867
34868
34869
34871
34876
34877
34878
34881
34884
34885
34887
34890
34891
34894
34895
34897
34898
34905
34911
34915
34916
34918
34920
34922
34926
34931
34939
34940
34941
34944
34947
34948
34958
34962
34963
34964
34967
34968
34969
34971
34975
34976
34978
34983
34985
34986
34987
34991
34992
34994
34998
34999
35000
35001
35002
35004
35007
35008
35010
35012
35013
35016
35018
35020
35024
35025
35026
35027
35029
35033
35037
35038
35039
35042
35043
35044
35045
35054
35057
35058
35065
35067
35070
35071
35072
35073
35074
35076
35080
35083
35085
35091
35092
35095
35096
35097
35098
35099
35100
35105
35107
35109
35113
35116
35118
35119
35121
35125
35126
35131
35132
35135
35137
35140
35142
35143
35153
35155
35158
35160
35161
35162
35164
35166
35170
35171
35172
35177
35178
35180
35185
35188
35189
35190
35192
35194
35196
35199
35201
35203
35206
35209
35211
35216
35219
35221
35222
35224
35228
35232
35237
35240
35241
35242
35244
35248
35249
35252
35254
35256
35257
35259
35262
35273
35274
35280
35283
35288
35290
35301
35308
35312
35315
35317
35325
35327
35328
35330
35332
35333
35336
35339
35341
35345
35346
35347
35348
35349
35352
35359
35360
35362
35363
35364
35369
35373
35374
35379
35380
35383
35387
35389
35392
35393
35394
35397
35400
35408
35412
35414
35418
35421
35423
35425
35427
35429
35431
35434
35435
35437
35442
35443
35446
35447
35450
35453
35457
35458
35461
35470
35471
35482
35483
35484
35491
35492
35496
35497
35502
35504
35506
35508
35511
35514
35519
35521
35526
35529
35535
35538
35539
35543
35546
35547
35548
35549
35550
35554
35558
35559
35562
35563
35566
35567
35568
35569
35570
35574
35578
35581
35582
35583
35584
35589
35590
35591
35593
35594
35597
35598
35600
35603
35605
35606
35607
35608
35609
35611
35612
35616
35617
35618
35621
35622
35626
35627
35634
35638
35639
35640
35641
35643
35655
35669
35670
35674
35677
35678
35684
35689
35690
35691
35692
35697
35699
35701
35703
35704
35710
35713
35714
35716
35719
35721
35723
35724
35725
35727
35729
35730
35731
35734
35735
35736
35738
35739
35742
35743
35744
35745
35746
35747
35748
35751
35754
35755
35758
35760
35766
35768
35769
35770
35772
35775
35777
35781
35782
35785
35786
35789
35791
35792
35794
35795
35797
35799
35802
35803
35804
35811
35815
35816
35818
35819
35820
35824
35825
35828
35829
35830
35832
35834
35836
35838
35844
35847
35848
35849
35850
35852
35854
35855
35856
35857
35858
35859
35861
35868
35869
35878
35882
35888
35889
35890
35896
35898
35899
35903
35905
35906
35907
35911
35913
35916
35917
35918
35919
35921
35922
35923
35925
35928
35931
35932
35933
35937
35938
35939
35940
35943
35944
35946
35947
35950
35951
35955
35957
35961
35962
35963
35969
35972
35979
35980
35982
35984
35998
36001
36003
36007
36012
36014
36015
36016
36019
36020
36021
36022
36025
36028
36035
36036
36041
36044
36046
36047
36049
36056
36057
36059
36060
36063
36069
36073
36074
36079
36081
36083
36087
36088
36089
36095
36101
36106
36108
36110
36113
36117
36118
36120
36121
36123
36125
36128
36130
36131
36132
36133
36136
36141
36144
36145
36147
36149
36150
36153
36162
36163
36165
36166
36168
36171
36172
36173
36174
36181
36185
36186
36189
36198
36201
36202
36203
36211
36216
36217
36227
36229
36231
36232
36234
36235
36240
36243
36244
36249
36250
36262
36263
36266
36269
36270
36271
36272
36273
36274
36276
36278
36279
36280
36281
36282
36283
36285
36287
36289
36290
36291
36292
36293
36294
36296
36297
36298
36299
36305
36306
36311
36312
36319
36320
36321
36322
36323
36326
36327
36328
36331
36332
36333
36343
36344
36345
36348
36351
36353
36356
36357
36361
36362
36364
36366
36369
36371
36375
36380
36383
36386
36387
36388
36391
36395
36398
36404
36405
36407
36409
36410
36411
36415
36416
36419
36423
36424
36425
36429
36432
36433
36435
36437
36438
36439
36441
36442
36445
36446
36448
36450
36453
36455
36456
36458
36462
36464
36467
36473
36475
36477
36479
36485
36486
36489
36493
36495
36496
36497
36499
36502
36503
36509
36511
36515
36517
36518
36521
36528
36529
36532
36533
36534
36537
36538
36539
36540
36542
36543
36546
36549
36550
36552
36553
36556
36559
36561
36562
36566
36569
36570
36580
36583
36588
36589
36590
36591
36592
36593
36598
36600
36605
36607
36608
36609
36610
36612
36615
36616
36620
36622
36625
36628
36630
36631
36632
36636
36638
36639
36643
36645
36646
36648
36652
36659
36660
36661
36662
36663
36664
36666
36667
36671
36673
36681
36684
36685
36687
36688
36689
36690
36693
36699
36700
36702
36703
36705
36706
36708
36712
36714
36716
36719
36721
36723
36724
36726
36727
36728
36729
36734
36741
36743
36747
36753
36754
36757
36759
36760
36763
36766
36769
36770
36771
36772
36776
36777
36780
36782
36783
36784
36785
36789
36790
36794
36795
36796
36798
36799
36801
36805
36806
36809
36811
36813
36814
36816
36818
36821
36822
36823
36824
36826
36827
36830
36831
36833
36836
36837
36838
36839
36848
36849
36850
36852
36853
36854
36856
36860
36861
36868
36873
36874
36878
36880
36881
36882
36883
36886
36888
36889
36893
36895
36899
36906
36907
36908
36909
36911
36913
36914
36915
36916
36921
36925
36926
36927
36932
36935
36943
36946
36948
36955
36956
36961
36964
36965
36966
36970
36971
36973
36974
36977
36980
36981
36984
36985
36987
36989
36990
36991
36993
36995
36997
37000
37003
37005
37006
37008
37011
37016
37018
37019
37020
37022
37025
37026
37030
37031
37032
37035
37040
37041
37043
37045
37047
37050
37051
37052
37053
37055
37056
37057
37061
37063
37064
37066
37070
37071
37072
37074
37075
37077
37078
37080
37081
37083
37085
37087
37088
37091
37092
37093
37094
37103
37105
37106
37116
37118
37120
37121
37123
37125
37129
37130
37131
37137
37139
37142
37144
37146
37148
37152
37154
37155
37157
37159
37160
37162
37163
37166
37168
37169
37177
37179
37180
37191
37192
37194
37196
37197
37202
37206
37207
37210
37211
37213
37214
37222
37223
37229
37236
37238
37241
37242
37244
37245
37246
37247
37248
37250
37252
37253
37254
37256
37257
37262
37265
37266
37267
37268
37269
37270
37272
37273
37275
37281
37282
37289
37291
37294
37296
37299
37317
37318
37330
37331
37332
37333
37334
37340
37345
37348
37351
37352
37353
37355
37356
37359
37361
37362
37367
37370
37377
37378
37379
37384
37385
37386
37389
37390
37391
37395
37396
37397
37398
37399
37403
37404
37409
37412
37413
37414
37415
37420
37421
37424
37427
37429
37430
37432
37436
37438
37441
37444
37445
37446
37447
37451
37453
37456
37458
37462
37463
37464
37466
37467
37476
37477
37480
37486
37491
37493
37495
37497
37502
37506
37508
37510
37512
37513
37517
37527
37529
37530
37532
37533
37535
37537
37540
37541
37546
37547
37553
37554
37555
37563
37566
37567
37570
37571
37577
37578
37581
37582
37584
37586
37588
37589
37594
37595
37597
37599
37604
37607
37614
37618
37619
37622
37637
37638
37640
37641
37649
37653
37655
37657
37660
37665
37666
37667
37671
37673
37674
37676
37678
37679
37683
37689
37691
37698
37699
37701
37702
37705
37706
37711
37716
37719
37720
37725
37726
37731
37736
37738
37739
37741
37745
37748
37752
37754
37756
37758
37759
37760
37762
37764
37767
37768
37770
37773
37778
37783
37785
37787
37789
37790
37793
37797
37798
37803
37804
37815
37816
37817
37819
37820
37823
37824
37826
37827
37829
37837
37843
37848
37851
37855
37856
37858
37859
37860
37862
37866
37868
37869
37870
37872
37873
37876
37879
37880
37881
37882
37883
37884
37890
37891
37893
37894
37895
37896
37898
37909
37911
37915
37916
37920
37922
37923
37924
37929
37932
37933
37934
37940
37943
37944
37948
37950
37959
37960
37962
37964
37966
37967
37968
37975
37982
37984
37985
37987
37988
37992
37999
38000
38004
38005
38007
38008
38010
38012
38013
38016
38017
38022
38026
38027
38029
38031
38032
38034
38035
38039
38041
38043
38045
38051
38057
38059
38061
38062
38063
38066
38067
38068
38073
38076
38077
38078
38082
38086
38087
38088
38090
38093
38098
38100
38101
38102
38103
38115
38116
38117
38119
38120
38121
38126
38127
38128
38132
38134
38142
38145
38146
38147
38149
38150
38154
38160
38161
38163
38166
38167
38169
38171
38178
38181
38182
38184
38187
38192
38195
38196
38205
38206
38208
38209
38211
38213
38214
38216
38218
38220
38222
38227
38230
38235
38239
38242
38243
38244
38245
38246
38249
38252
38255
38256
38257
38258
38260
38269
38270
38271
38275
38277
38279
38280
38281
38282
38285
38287
38291
38294
38295
38296
38297
38299
38301
38306
38307
38309
38314
38317
38319
